5.0 0.0 1.8 1.7 90.0 0
0.2 0.0 1.8 1.7 90.0 1
0.2 0.04439674375959515 1.8 1.6985906735303191 90.0 1
0.2 0.08861471750162447 1.8 1.6943683689815567 90.0 1
0.2 0.13247587105228711 1.8 1.6873500880838948 90.0 1
0.2 0.17580359102675544 1.8 1.6775640909774494 90.0 1
0.2 0.21842341198894094 1.8 1.6650497824186616 90.0 1
0.2 0.26016371896222923 1.8 1.6498575531112507 90.0 1
0.2 0.3008564384624201 1.8 1.632048576800635 90.0 1
0.2 0.3403377152703281 1.8 1.6116945639488494 90.0 1
0.2 0.37844857221891826 1.8 1.5888774729818267 90.0 1
0.2 0.41503555033824824 1.8 1.563689180271741 90.0 1
0.2 0.4499513267805774 1.8 1.5362311101832846 90.0 1
0.2 0.4830553080374783 1.8 1.5066138266735492 90.0 1
0.2 0.5142141960602732 1.8 1.4749565880899924 90.0 1
0.2 0.5433025250042297 1.8 1.4413868669591658 90.0 1
0.2 0.5702031664352349 1.8 1.4060398366998386 90.0 1
0.2 0.59480780096466 1.8 1.3690578273273517 90.0 1
0.2 0.6170173544133074 1.8 1.3305897523408778 90.0 1
0.2 0.6367423967481628 1.8 1.2907905091013205 90.0 1
0.2 0.6539035021855746 1.8 1.2498203551143103 90.0 1
0.2 0.6684315690108517 1.8 1.2078442627297925 90.0 1
0.2 0.6802680978264791 1.8 1.165031254856599 90.0 1
0.2 0.6893654271085455 1.8 1.1215537243668512 90.0 1
0.2 0.6956869251228779 1.8 1.0775867399307077 90.0 1
0.2 0.6992071374281056 1.8 1.0333073410766196 90.0 1
0.2 0.6999118893717126 1.8 0.9888938253156345 90.0 1
0.2 0.6977983431663596 1.8 0.9445250302002481 90.0 1
0.2 0.6928750093166529 1.8 0.9003796132087005 90.0 1
0.2 0.6851617123503451 1.8 0.8566353323543666 90.0 1
0.2 0.6746895109919595 1.8 0.8134683304169756 90.0 1
0.2 0.6615005731002679 1.8 0.7710524256778049 90.0 1
0.2 0.6456480058732069 1.8 0.72955841201481 90.0 1
0.2 0.6271956420039351 1.8 0.6891533711759581 90.0 1
0.2 0.6062177826491071 1.8 0.6500000000000001 90.0 1
0.2 0.58279889824434 1.8 0.6122559552937228 90.0 1
0.2 0.5570332883715826 1.8 0.5760732190036335 90.0 1
0.2 0.5290247020479808 1.8 0.5415974862383006 90.0 1
0.2 0.4988859199652041 1.8 0.5089675786055753 90.0 1
0.2 0.4667383003614041 1.8 0.47831488522697174 90.0 1
0.2 0.43271129035442385 1.8 0.449762833680049 90.0 1
0.2 0.3969419047039396 1.8 0.4234263929991171 90.0 1
0.2 0.35957417410138437 1.8 0.3994116107355161 90.0 1
0.2 0.32075856520918733 1.8 0.3778151859415537 90.0 1
0.2 0.2806513747846295 1.8 0.3587240797975513 90.0 1
0.2 0.2394141003279682 1.8 0.3422151654498642 90.0 1
0.2 0.19721278978900075 1.8 0.3283549184698519 90.0 1
0.2 0.15421737295057855 1.8 0.3171991491802151 90.0 1
0.2 0.11060097718134491 1.8 0.30879277792652404 90.0 1
0.2 0.06653923031292801 1.8 0.3031696541988408 90.0 1
0.2 0.02220955344864736 1.8 0.30035242033177045 90.0 1
0.2 -0.02220955344864719 1.8 0.30035242033177045 90.0 1
0.2 -0.06653923031292784 1.8 0.3031696541988408 90.0 1
0.2 -0.11060097718134473 1.8 0.30879277792652393 90.0 1
0.2 -0.15421737295057839 1.8 0.3171991491802151 90.0 1
0.2 -0.19721278978900056 1.8 0.32835491846985176 90.0 1
0.2 -0.23941410032796803 1.8 0.3422151654498642 90.0 1
0.2 -0.28065137478462937 1.8 0.3587240797975513 90.0 1
0.2 -0.32075856520918716 1.8 0.3778151859415536 90.0 1
0.2 -0.35957417410138426 1.8 0.399411610735516 90.0 1
0.2 -0.3969419047039394 1.8 0.4234263929991171 90.0 1
0.2 -0.4327112903544237 1.8 0.4497628336800489 90.0 1
0.2 -0.466738300361404 1.8 0.47831488522697163 90.0 1
0.2 -0.49888591996520404 1.8 0.5089675786055752 90.0 1
0.2 -0.5290247020479807 1.8 0.5415974862383004 90.0 1
0.2 -0.5570332883715824 1.8 0.5760732190036334 90.0 1
0.2 -0.5827988982443398 1.8 0.6122559552937227 90.0 1
0.2 -0.6062177826491069 1.8 0.6499999999999997 90.0 1
0.2 -0.6271956420039352 1.8 0.6891533711759583 90.0 1
0.2 -0.6456480058732069 1.8 0.72955841201481 90.0 1
0.2 -0.6615005731002678 1.8 0.7710524256778046 90.0 1
0.2 -0.6746895109919593 1.8 0.8134683304169752 90.0 1
0.2 -0.6851617123503451 1.8 0.8566353323543666 90.0 1
0.2 -0.6928750093166528 1.8 0.9003796132087003 90.0 1
0.2 -0.6977983431663596 1.8 0.9445250302002478 90.0 1
0.2 -0.6999118893717126 1.8 0.9888938253156341 90.0 1
0.2 -0.6992071374281056 1.8 1.0333073410766196 90.0 1
0.2 -0.6956869251228779 1.8 1.0775867399307075 90.0 1
0.2 -0.6893654271085456 1.8 1.121553724366851 90.0 1
0.2 -0.6802680978264792 1.8 1.1650312548565986 90.0 1
0.2 -0.6684315690108517 1.8 1.2078442627297925 90.0 1
0.2 -0.6539035021855747 1.8 1.24982035511431 90.0 1
0.2 -0.6367423967481629 1.8 1.29079050910132 90.0 1
0.2 -0.6170173544133073 1.8 1.330589752340878 90.0 1
0.2 -0.59480780096466 1.8 1.3690578273273517 90.0 1
0.2 -0.570203166435235 1.8 1.4060398366998386 90.0 1
0.2 -0.5433025250042299 1.8 1.4413868669591654 90.0 1
0.2 -0.5142141960602732 1.8 1.4749565880899926 90.0 1
0.2 -0.48305530803747837 1.8 1.506613826673549 90.0 1
0.2 -0.4499513267805777 1.8 1.5362311101832844 90.0 1
0.2 -0.41503555033824857 1.8 1.5636891802717408 90.0 1
0.2 -0.3784485722189182 1.8 1.5888774729818267 90.0 1
0.2 -0.34033771527032813 1.8 1.6116945639488494 90.0 1
0.2 -0.30085643846242033 1.8 1.6320485768006348 90.0 1
0.2 -0.2601637189622296 1.8 1.6498575531112505 90.0 1
0.2 -0.21842341198894094 1.8 1.6650497824186616 90.0 1
0.2 -0.17580359102675555 1.8 1.6775640909774494 90.0 1
0.2 -0.13247587105228742 1.8 1.6873500880838945 90.0 1
0.2 -0.08861471750162495 1.8 1.6943683689815567 90.0 1
0.2 -0.04439674375959516 1.8 1.6985906735303191 90.0 1
0.2 -1.7145055188062944e-16 1.8 1.7 90.0 1
5.0 0.0 1.8 1.7 90.0 0
0.2 0.0 1.8 1.7 90.0 1
0.2 0.04439674375959515 1.8 1.6985906735303191 90.0 1
0.2 0.08861471750162447 1.8 1.6943683689815567 90.0 1
0.2 0.13247587105228711 1.8 1.6873500880838948 90.0 1
0.2 0.17580359102675544 1.8 1.6775640909774494 90.0 1
0.2 0.21842341198894094 1.8 1.6650497824186616 90.0 1
0.2 0.26016371896222923 1.8 1.6498575531112507 90.0 1
0.2 0.3008564384624201 1.8 1.632048576800635 90.0 1
0.2 0.3403377152703281 1.8 1.6116945639488494 90.0 1
0.2 0.37844857221891826 1.8 1.5888774729818267 90.0 1
0.2 0.41503555033824824 1.8 1.563689180271741 90.0 1
0.2 0.4499513267805774 1.8 1.5362311101832846 90.0 1
0.2 0.4830553080374783 1.8 1.5066138266735492 90.0 1
0.2 0.5142141960602732 1.8 1.4749565880899924 90.0 1
0.2 0.5433025250042297 1.8 1.4413868669591658 90.0 1
0.2 0.5702031664352349 1.8 1.4060398366998386 90.0 1
0.2 0.59480780096466 1.8 1.3690578273273517 90.0 1
0.2 0.6170173544133074 1.8 1.3305897523408778 90.0 1
0.2 0.6367423967481628 1.8 1.2907905091013205 90.0 1
0.2 0.6539035021855746 1.8 1.2498203551143103 90.0 1
0.2 0.6684315690108517 1.8 1.2078442627297925 90.0 1
0.2 0.6802680978264791 1.8 1.165031254856599 90.0 1
0.2 0.6893654271085455 1.8 1.1215537243668512 90.0 1
0.2 0.6956869251228779 1.8 1.0775867399307077 90.0 1
0.2 0.6992071374281056 1.8 1.0333073410766196 90.0 1
0.2 0.6999118893717126 1.8 0.9888938253156345 90.0 1
0.2 0.6977983431663596 1.8 0.9445250302002481 90.0 1
0.2 0.6928750093166529 1.8 0.9003796132087005 90.0 1
0.2 0.6851617123503451 1.8 0.8566353323543666 90.0 1
0.2 0.6746895109919595 1.8 0.8134683304169756 90.0 1
0.2 0.6615005731002679 1.8 0.7710524256778049 90.0 1
0.2 0.6456480058732069 1.8 0.72955841201481 90.0 1
0.2 0.6271956420039351 1.8 0.6891533711759581 90.0 1
0.2 0.6062177826491071 1.8 0.6500000000000001 90.0 1
0.2 0.58279889824434 1.8 0.6122559552937228 90.0 1
0.2 0.5570332883715826 1.8 0.5760732190036335 90.0 1
0.2 0.5290247020479808 1.8 0.5415974862383006 90.0 1
0.2 0.4988859199652041 1.8 0.5089675786055753 90.0 1
0.2 0.4667383003614041 1.8 0.47831488522697174 90.0 1
0.2 0.43271129035442385 1.8 0.449762833680049 90.0 1
0.2 0.3969419047039396 1.8 0.4234263929991171 90.0 1
0.2 0.35957417410138437 1.8 0.3994116107355161 90.0 1
0.2 0.32075856520918733 1.8 0.3778151859415537 90.0 1
0.2 0.2806513747846295 1.8 0.3587240797975513 90.0 1
0.2 0.2394141003279682 1.8 0.3422151654498642 90.0 1
0.2 0.19721278978900075 1.8 0.3283549184698519 90.0 1
0.2 0.15421737295057855 1.8 0.3171991491802151 90.0 1
0.2 0.11060097718134491 1.8 0.30879277792652404 90.0 1
0.2 0.06653923031292801 1.8 0.3031696541988408 90.0 1
0.2 0.02220955344864736 1.8 0.30035242033177045 90.0 1
0.2 -0.02220955344864719 1.8 0.30035242033177045 90.0 1
0.2 -0.06653923031292784 1.8 0.3031696541988408 90.0 1
0.2 -0.11060097718134473 1.8 0.30879277792652393 90.0 1
0.2 -0.15421737295057839 1.8 0.3171991491802151 90.0 1
0.2 -0.19721278978900056 1.8 0.32835491846985176 90.0 1
0.2 -0.23941410032796803 1.8 0.3422151654498642 90.0 1
0.2 -0.28065137478462937 1.8 0.3587240797975513 90.0 1
0.2 -0.32075856520918716 1.8 0.3778151859415536 90.0 1
0.2 -0.35957417410138426 1.8 0.399411610735516 90.0 1
0.2 -0.3969419047039394 1.8 0.4234263929991171 90.0 1
0.2 -0.4327112903544237 1.8 0.4497628336800489 90.0 1
0.2 -0.466738300361404 1.8 0.47831488522697163 90.0 1
0.2 -0.49888591996520404 1.8 0.5089675786055752 90.0 1
0.2 -0.5290247020479807 1.8 0.5415974862383004 90.0 1
0.2 -0.5570332883715824 1.8 0.5760732190036334 90.0 1
0.2 -0.5827988982443398 1.8 0.6122559552937227 90.0 1
0.2 -0.6062177826491069 1.8 0.6499999999999997 90.0 1
0.2 -0.6271956420039352 1.8 0.6891533711759583 90.0 1
0.2 -0.6456480058732069 1.8 0.72955841201481 90.0 1
0.2 -0.6615005731002678 1.8 0.7710524256778046 90.0 1
0.2 -0.6746895109919593 1.8 0.8134683304169752 90.0 1
0.2 -0.6851617123503451 1.8 0.8566353323543666 90.0 1
0.2 -0.6928750093166528 1.8 0.9003796132087003 90.0 1
0.2 -0.6977983431663596 1.8 0.9445250302002478 90.0 1
0.2 -0.6999118893717126 1.8 0.9888938253156341 90.0 1
0.2 -0.6992071374281056 1.8 1.0333073410766196 90.0 1
0.2 -0.6956869251228779 1.8 1.0775867399307075 90.0 1
0.2 -0.6893654271085456 1.8 1.121553724366851 90.0 1
0.2 -0.6802680978264792 1.8 1.1650312548565986 90.0 1
0.2 -0.6684315690108517 1.8 1.2078442627297925 90.0 1
0.2 -0.6539035021855747 1.8 1.24982035511431 90.0 1
0.2 -0.6367423967481629 1.8 1.29079050910132 90.0 1
0.2 -0.6170173544133073 1.8 1.330589752340878 90.0 1
0.2 -0.59480780096466 1.8 1.3690578273273517 90.0 1
0.2 -0.570203166435235 1.8 1.4060398366998386 90.0 1
0.2 -0.5433025250042299 1.8 1.4413868669591654 90.0 1
0.2 -0.5142141960602732 1.8 1.4749565880899926 90.0 1
0.2 -0.48305530803747837 1.8 1.506613826673549 90.0 1
0.2 -0.4499513267805777 1.8 1.5362311101832844 90.0 1
0.2 -0.41503555033824857 1.8 1.5636891802717408 90.0 1
0.2 -0.3784485722189182 1.8 1.5888774729818267 90.0 1
0.2 -0.34033771527032813 1.8 1.6116945639488494 90.0 1
0.2 -0.30085643846242033 1.8 1.6320485768006348 90.0 1
0.2 -0.2601637189622296 1.8 1.6498575531112505 90.0 1
0.2 -0.21842341198894094 1.8 1.6650497824186616 90.0 1
0.2 -0.17580359102675555 1.8 1.6775640909774494 90.0 1
0.2 -0.13247587105228742 1.8 1.6873500880838945 90.0 1
0.2 -0.08861471750162495 1.8 1.6943683689815567 90.0 1
0.2 -0.04439674375959516 1.8 1.6985906735303191 90.0 1
0.2 -1.7145055188062944e-16 1.8 1.7 90.0 1
5.0 0.0 1.8 1.7 90.0 0
0.2 0.0 1.8 1.7 90.0 1
0.2 0.04439674375959515 1.8 1.6985906735303191 90.0 1
0.2 0.08861471750162447 1.8 1.6943683689815567 90.0 1
0.2 0.13247587105228711 1.8 1.6873500880838948 90.0 1
0.2 0.17580359102675544 1.8 1.6775640909774494 90.0 1
0.2 0.21842341198894094 1.8 1.6650497824186616 90.0 1
0.2 0.26016371896222923 1.8 1.6498575531112507 90.0 1
0.2 0.3008564384624201 1.8 1.632048576800635 90.0 1
0.2 0.3403377152703281 1.8 1.6116945639488494 90.0 1
0.2 0.37844857221891826 1.8 1.5888774729818267 90.0 1
0.2 0.41503555033824824 1.8 1.563689180271741 90.0 1
0.2 0.4499513267805774 1.8 1.5362311101832846 90.0 1
0.2 0.4830553080374783 1.8 1.5066138266735492 90.0 1
0.2 0.5142141960602732 1.8 1.4749565880899924 90.0 1
0.2 0.5433025250042297 1.8 1.4413868669591658 90.0 1
0.2 0.5702031664352349 1.8 1.4060398366998386 90.0 1
0.2 0.59480780096466 1.8 1.3690578273273517 90.0 1
0.2 0.6170173544133074 1.8 1.3305897523408778 90.0 1
0.2 0.6367423967481628 1.8 1.2907905091013205 90.0 1
0.2 0.6539035021855746 1.8 1.2498203551143103 90.0 1
0.2 0.6684315690108517 1.8 1.2078442627297925 90.0 1
0.2 0.6802680978264791 1.8 1.165031254856599 90.0 1
0.2 0.6893654271085455 1.8 1.1215537243668512 90.0 1
0.2 0.6956869251228779 1.8 1.0775867399307077 90.0 1
0.2 0.6992071374281056 1.8 1.0333073410766196 90.0 1
0.2 0.6999118893717126 1.8 0.9888938253156345 90.0 1
0.2 0.6977983431663596 1.8 0.9445250302002481 90.0 1
0.2 0.6928750093166529 1.8 0.9003796132087005 90.0 1
0.2 0.6851617123503451 1.8 0.8566353323543666 90.0 1
0.2 0.6746895109919595 1.8 0.8134683304169756 90.0 1
0.2 0.6615005731002679 1.8 0.7710524256778049 90.0 1
0.2 0.6456480058732069 1.8 0.72955841201481 90.0 1
0.2 0.6271956420039351 1.8 0.6891533711759581 90.0 1
0.2 0.6062177826491071 1.8 0.6500000000000001 90.0 1
0.2 0.58279889824434 1.8 0.6122559552937228 90.0 1
0.2 0.5570332883715826 1.8 0.5760732190036335 90.0 1
0.2 0.5290247020479808 1.8 0.5415974862383006 90.0 1
0.2 0.4988859199652041 1.8 0.5089675786055753 90.0 1
0.2 0.4667383003614041 1.8 0.47831488522697174 90.0 1
0.2 0.43271129035442385 1.8 0.449762833680049 90.0 1
0.2 0.3969419047039396 1.8 0.4234263929991171 90.0 1
0.2 0.35957417410138437 1.8 0.3994116107355161 90.0 1
0.2 0.32075856520918733 1.8 0.3778151859415537 90.0 1
0.2 0.2806513747846295 1.8 0.3587240797975513 90.0 1
0.2 0.2394141003279682 1.8 0.3422151654498642 90.0 1
0.2 0.19721278978900075 1.8 0.3283549184698519 90.0 1
0.2 0.15421737295057855 1.8 0.3171991491802151 90.0 1
0.2 0.11060097718134491 1.8 0.30879277792652404 90.0 1
0.2 0.06653923031292801 1.8 0.3031696541988408 90.0 1
0.2 0.02220955344864736 1.8 0.30035242033177045 90.0 1
0.2 -0.02220955344864719 1.8 0.30035242033177045 90.0 1
0.2 -0.06653923031292784 1.8 0.3031696541988408 90.0 1
0.2 -0.11060097718134473 1.8 0.30879277792652393 90.0 1
0.2 -0.15421737295057839 1.8 0.3171991491802151 90.0 1
0.2 -0.19721278978900056 1.8 0.32835491846985176 90.0 1
0.2 -0.23941410032796803 1.8 0.3422151654498642 90.0 1
0.2 -0.28065137478462937 1.8 0.3587240797975513 90.0 1
0.2 -0.32075856520918716 1.8 0.3778151859415536 90.0 1
0.2 -0.35957417410138426 1.8 0.399411610735516 90.0 1
0.2 -0.3969419047039394 1.8 0.4234263929991171 90.0 1
0.2 -0.4327112903544237 1.8 0.4497628336800489 90.0 1
0.2 -0.466738300361404 1.8 0.47831488522697163 90.0 1
0.2 -0.49888591996520404 1.8 0.5089675786055752 90.0 1
0.2 -0.5290247020479807 1.8 0.5415974862383004 90.0 1
0.2 -0.5570332883715824 1.8 0.5760732190036334 90.0 1
0.2 -0.5827988982443398 1.8 0.6122559552937227 90.0 1
0.2 -0.6062177826491069 1.8 0.6499999999999997 90.0 1
0.2 -0.6271956420039352 1.8 0.6891533711759583 90.0 1
0.2 -0.6456480058732069 1.8 0.72955841201481 90.0 1
0.2 -0.6615005731002678 1.8 0.7710524256778046 90.0 1
0.2 -0.6746895109919593 1.8 0.8134683304169752 90.0 1
0.2 -0.6851617123503451 1.8 0.8566353323543666 90.0 1
0.2 -0.6928750093166528 1.8 0.9003796132087003 90.0 1
0.2 -0.6977983431663596 1.8 0.9445250302002478 90.0 1
0.2 -0.6999118893717126 1.8 0.9888938253156341 90.0 1
0.2 -0.6992071374281056 1.8 1.0333073410766196 90.0 1
0.2 -0.6956869251228779 1.8 1.0775867399307075 90.0 1
0.2 -0.6893654271085456 1.8 1.121553724366851 90.0 1
0.2 -0.6802680978264792 1.8 1.1650312548565986 90.0 1
0.2 -0.6684315690108517 1.8 1.2078442627297925 90.0 1
0.2 -0.6539035021855747 1.8 1.24982035511431 90.0 1
0.2 -0.6367423967481629 1.8 1.29079050910132 90.0 1
0.2 -0.6170173544133073 1.8 1.330589752340878 90.0 1
0.2 -0.59480780096466 1.8 1.3690578273273517 90.0 1
0.2 -0.570203166435235 1.8 1.4060398366998386 90.0 1
0.2 -0.5433025250042299 1.8 1.4413868669591654 90.0 1
0.2 -0.5142141960602732 1.8 1.4749565880899926 90.0 1
0.2 -0.48305530803747837 1.8 1.506613826673549 90.0 1
0.2 -0.4499513267805777 1.8 1.5362311101832844 90.0 1
0.2 -0.41503555033824857 1.8 1.5636891802717408 90.0 1
0.2 -0.3784485722189182 1.8 1.5888774729818267 90.0 1
0.2 -0.34033771527032813 1.8 1.6116945639488494 90.0 1
0.2 -0.30085643846242033 1.8 1.6320485768006348 90.0 1
0.2 -0.2601637189622296 1.8 1.6498575531112505 90.0 1
0.2 -0.21842341198894094 1.8 1.6650497824186616 90.0 1
0.2 -0.17580359102675555 1.8 1.6775640909774494 90.0 1
0.2 -0.13247587105228742 1.8 1.6873500880838945 90.0 1
0.2 -0.08861471750162495 1.8 1.6943683689815567 90.0 1
0.2 -0.04439674375959516 1.8 1.6985906735303191 90.0 1
0.2 -1.7145055188062944e-16 1.8 1.7 90.0 1
5.0 0.0 1.8 1.7 90.0 0
0.2 0.0 1.8 1.7 90.0 1
0.2 0.04439674375959515 1.8 1.6985906735303191 90.0 1
0.2 0.08861471750162447 1.8 1.6943683689815567 90.0 1
0.2 0.13247587105228711 1.8 1.6873500880838948 90.0 1
0.2 0.17580359102675544 1.8 1.6775640909774494 90.0 1
0.2 0.21842341198894094 1.8 1.6650497824186616 90.0 1
0.2 0.26016371896222923 1.8 1.6498575531112507 90.0 1
0.2 0.3008564384624201 1.8 1.632048576800635 90.0 1
0.2 0.3403377152703281 1.8 1.6116945639488494 90.0 1
0.2 0.37844857221891826 1.8 1.5888774729818267 90.0 1
0.2 0.41503555033824824 1.8 1.563689180271741 90.0 1
0.2 0.4499513267805774 1.8 1.5362311101832846 90.0 1
0.2 0.4830553080374783 1.8 1.5066138266735492 90.0 1
0.2 0.5142141960602732 1.8 1.4749565880899924 90.0 1
0.2 0.5433025250042297 1.8 1.4413868669591658 90.0 1
0.2 0.5702031664352349 1.8 1.4060398366998386 90.0 1
0.2 0.59480780096466 1.8 1.3690578273273517 90.0 1
0.2 0.6170173544133074 1.8 1.3305897523408778 90.0 1
0.2 0.6367423967481628 1.8 1.2907905091013205 90.0 1
0.2 0.6539035021855746 1.8 1.2498203551143103 90.0 1
0.2 0.6684315690108517 1.8 1.2078442627297925 90.0 1
0.2 0.6802680978264791 1.8 1.165031254856599 90.0 1
0.2 0.6893654271085455 1.8 1.1215537243668512 90.0 1
0.2 0.6956869251228779 1.8 1.0775867399307077 90.0 1
0.2 0.6992071374281056 1.8 1.0333073410766196 90.0 1
0.2 0.6999118893717126 1.8 0.9888938253156345 90.0 1
0.2 0.6977983431663596 1.8 0.9445250302002481 90.0 1
0.2 0.6928750093166529 1.8 0.9003796132087005 90.0 1
0.2 0.6851617123503451 1.8 0.8566353323543666 90.0 1
0.2 0.6746895109919595 1.8 0.8134683304169756 90.0 1
0.2 0.6615005731002679 1.8 0.7710524256778049 90.0 1
0.2 0.6456480058732069 1.8 0.72955841201481 90.0 1
0.2 0.6271956420039351 1.8 0.6891533711759581 90.0 1
0.2 0.6062177826491071 1.8 0.6500000000000001 90.0 1
0.2 0.58279889824434 1.8 0.6122559552937228 90.0 1
0.2 0.5570332883715826 1.8 0.5760732190036335 90.0 1
0.2 0.5290247020479808 1.8 0.5415974862383006 90.0 1
0.2 0.4988859199652041 1.8 0.5089675786055753 90.0 1
0.2 0.4667383003614041 1.8 0.47831488522697174 90.0 1
0.2 0.43271129035442385 1.8 0.449762833680049 90.0 1
0.2 0.3969419047039396 1.8 0.4234263929991171 90.0 1
0.2 0.35957417410138437 1.8 0.3994116107355161 90.0 1
0.2 0.32075856520918733 1.8 0.3778151859415537 90.0 1
0.2 0.2806513747846295 1.8 0.3587240797975513 90.0 1
0.2 0.2394141003279682 1.8 0.3422151654498642 90.0 1
0.2 0.19721278978900075 1.8 0.3283549184698519 90.0 1
0.2 0.15421737295057855 1.8 0.3171991491802151 90.0 1
0.2 0.11060097718134491 1.8 0.30879277792652404 90.0 1
0.2 0.06653923031292801 1.8 0.3031696541988408 90.0 1
0.2 0.02220955344864736 1.8 0.30035242033177045 90.0 1
0.2 -0.02220955344864719 1.8 0.30035242033177045 90.0 1
0.2 -0.06653923031292784 1.8 0.3031696541988408 90.0 1
0.2 -0.11060097718134473 1.8 0.30879277792652393 90.0 1
0.2 -0.15421737295057839 1.8 0.3171991491802151 90.0 1
0.2 -0.19721278978900056 1.8 0.32835491846985176 90.0 1
0.2 -0.23941410032796803 1.8 0.3422151654498642 90.0 1
0.2 -0.28065137478462937 1.8 0.3587240797975513 90.0 1
0.2 -0.32075856520918716 1.8 0.3778151859415536 90.0 1
0.2 -0.35957417410138426 1.8 0.399411610735516 90.0 1
0.2 -0.3969419047039394 1.8 0.4234263929991171 90.0 1
0.2 -0.4327112903544237 1.8 0.4497628336800489 90.0 1
0.2 -0.466738300361404 1.8 0.47831488522697163 90.0 1
0.2 -0.49888591996520404 1.8 0.5089675786055752 90.0 1
0.2 -0.5290247020479807 1.8 0.5415974862383004 90.0 1
0.2 -0.5570332883715824 1.8 0.5760732190036334 90.0 1
0.2 -0.5827988982443398 1.8 0.6122559552937227 90.0 1
0.2 -0.6062177826491069 1.8 0.6499999999999997 90.0 1
0.2 -0.6271956420039352 1.8 0.6891533711759583 90.0 1
0.2 -0.6456480058732069 1.8 0.72955841201481 90.0 1
0.2 -0.6615005731002678 1.8 0.7710524256778046 90.0 1
0.2 -0.6746895109919593 1.8 0.8134683304169752 90.0 1
0.2 -0.6851617123503451 1.8 0.8566353323543666 90.0 1
0.2 -0.6928750093166528 1.8 0.9003796132087003 90.0 1
0.2 -0.6977983431663596 1.8 0.9445250302002478 90.0 1
0.2 -0.6999118893717126 1.8 0.9888938253156341 90.0 1
0.2 -0.6992071374281056 1.8 1.0333073410766196 90.0 1
0.2 -0.6956869251228779 1.8 1.0775867399307075 90.0 1
0.2 -0.6893654271085456 1.8 1.121553724366851 90.0 1
0.2 -0.6802680978264792 1.8 1.1650312548565986 90.0 1
0.2 -0.6684315690108517 1.8 1.2078442627297925 90.0 1
0.2 -0.6539035021855747 1.8 1.24982035511431 90.0 1
0.2 -0.6367423967481629 1.8 1.29079050910132 90.0 1
0.2 -0.6170173544133073 1.8 1.330589752340878 90.0 1
0.2 -0.59480780096466 1.8 1.3690578273273517 90.0 1
0.2 -0.570203166435235 1.8 1.4060398366998386 90.0 1
0.2 -0.5433025250042299 1.8 1.4413868669591654 90.0 1
0.2 -0.5142141960602732 1.8 1.4749565880899926 90.0 1
0.2 -0.48305530803747837 1.8 1.506613826673549 90.0 1
0.2 -0.4499513267805777 1.8 1.5362311101832844 90.0 1
0.2 -0.41503555033824857 1.8 1.5636891802717408 90.0 1
0.2 -0.3784485722189182 1.8 1.5888774729818267 90.0 1
0.2 -0.34033771527032813 1.8 1.6116945639488494 90.0 1
0.2 -0.30085643846242033 1.8 1.6320485768006348 90.0 1
0.2 -0.2601637189622296 1.8 1.6498575531112505 90.0 1
0.2 -0.21842341198894094 1.8 1.6650497824186616 90.0 1
0.2 -0.17580359102675555 1.8 1.6775640909774494 90.0 1
0.2 -0.13247587105228742 1.8 1.6873500880838945 90.0 1
0.2 -0.08861471750162495 1.8 1.6943683689815567 90.0 1
0.2 -0.04439674375959516 1.8 1.6985906735303191 90.0 1
0.2 -1.7145055188062944e-16 1.8 1.7 90.0 1
5.0 0.0 1.8 1.7 90.0 0
0.2 0.0 1.8 1.7 90.0 1
0.2 0.04439674375959515 1.8 1.6985906735303191 90.0 1
0.2 0.08861471750162447 1.8 1.6943683689815567 90.0 1
0.2 0.13247587105228711 1.8 1.6873500880838948 90.0 1
0.2 0.17580359102675544 1.8 1.6775640909774494 90.0 1
0.2 0.21842341198894094 1.8 1.6650497824186616 90.0 1
0.2 0.26016371896222923 1.8 1.6498575531112507 90.0 1
0.2 0.3008564384624201 1.8 1.632048576800635 90.0 1
0.2 0.3403377152703281 1.8 1.6116945639488494 90.0 1
0.2 0.37844857221891826 1.8 1.5888774729818267 90.0 1
0.2 0.41503555033824824 1.8 1.563689180271741 90.0 1
0.2 0.4499513267805774 1.8 1.5362311101832846 90.0 1
0.2 0.4830553080374783 1.8 1.5066138266735492 90.0 1
0.2 0.5142141960602732 1.8 1.4749565880899924 90.0 1
0.2 0.5433025250042297 1.8 1.4413868669591658 90.0 1
0.2 0.5702031664352349 1.8 1.4060398366998386 90.0 1
0.2 0.59480780096466 1.8 1.3690578273273517 90.0 1
0.2 0.6170173544133074 1.8 1.3305897523408778 90.0 1
0.2 0.6367423967481628 1.8 1.2907905091013205 90.0 1
0.2 0.6539035021855746 1.8 1.2498203551143103 90.0 1
0.2 0.6684315690108517 1.8 1.2078442627297925 90.0 1
0.2 0.6802680978264791 1.8 1.165031254856599 90.0 1
0.2 0.6893654271085455 1.8 1.1215537243668512 90.0 1
0.2 0.6956869251228779 1.8 1.0775867399307077 90.0 1
0.2 0.6992071374281056 1.8 1.0333073410766196 90.0 1
0.2 0.6999118893717126 1.8 0.9888938253156345 90.0 1
0.2 0.6977983431663596 1.8 0.9445250302002481 90.0 1
0.2 0.6928750093166529 1.8 0.9003796132087005 90.0 1
0.2 0.6851617123503451 1.8 0.8566353323543666 90.0 1
0.2 0.6746895109919595 1.8 0.8134683304169756 90.0 1
0.2 0.6615005731002679 1.8 0.7710524256778049 90.0 1
0.2 0.6456480058732069 1.8 0.72955841201481 90.0 1
0.2 0.6271956420039351 1.8 0.6891533711759581 90.0 1
0.2 0.6062177826491071 1.8 0.6500000000000001 90.0 1
0.2 0.58279889824434 1.8 0.6122559552937228 90.0 1
0.2 0.5570332883715826 1.8 0.5760732190036335 90.0 1
0.2 0.5290247020479808 1.8 0.5415974862383006 90.0 1
0.2 0.4988859199652041 1.8 0.5089675786055753 90.0 1
0.2 0.4667383003614041 1.8 0.47831488522697174 90.0 1
0.2 0.43271129035442385 1.8 0.449762833680049 90.0 1
0.2 0.3969419047039396 1.8 0.4234263929991171 90.0 1
0.2 0.35957417410138437 1.8 0.3994116107355161 90.0 1
0.2 0.32075856520918733 1.8 0.3778151859415537 90.0 1
0.2 0.2806513747846295 1.8 0.3587240797975513 90.0 1
0.2 0.2394141003279682 1.8 0.3422151654498642 90.0 1
0.2 0.19721278978900075 1.8 0.3283549184698519 90.0 1
0.2 0.15421737295057855 1.8 0.3171991491802151 90.0 1
0.2 0.11060097718134491 1.8 0.30879277792652404 90.0 1
0.2 0.06653923031292801 1.8 0.3031696541988408 90.0 1
0.2 0.02220955344864736 1.8 0.30035242033177045 90.0 1
0.2 -0.02220955344864719 1.8 0.30035242033177045 90.0 1
0.2 -0.06653923031292784 1.8 0.3031696541988408 90.0 1
0.2 -0.11060097718134473 1.8 0.30879277792652393 90.0 1
0.2 -0.15421737295057839 1.8 0.3171991491802151 90.0 1
0.2 -0.19721278978900056 1.8 0.32835491846985176 90.0 1
0.2 -0.23941410032796803 1.8 0.3422151654498642 90.0 1
0.2 -0.28065137478462937 1.8 0.3587240797975513 90.0 1
0.2 -0.32075856520918716 1.8 0.3778151859415536 90.0 1
0.2 -0.35957417410138426 1.8 0.399411610735516 90.0 1
0.2 -0.3969419047039394 1.8 0.4234263929991171 90.0 1
0.2 -0.4327112903544237 1.8 0.4497628336800489 90.0 1
0.2 -0.466738300361404 1.8 0.47831488522697163 90.0 1
0.2 -0.49888591996520404 1.8 0.5089675786055752 90.0 1
0.2 -0.5290247020479807 1.8 0.5415974862383004 90.0 1
0.2 -0.5570332883715824 1.8 0.5760732190036334 90.0 1
0.2 -0.5827988982443398 1.8 0.6122559552937227 90.0 1
0.2 -0.6062177826491069 1.8 0.6499999999999997 90.0 1
0.2 -0.6271956420039352 1.8 0.6891533711759583 90.0 1
0.2 -0.6456480058732069 1.8 0.72955841201481 90.0 1
0.2 -0.6615005731002678 1.8 0.7710524256778046 90.0 1
0.2 -0.6746895109919593 1.8 0.8134683304169752 90.0 1
0.2 -0.6851617123503451 1.8 0.8566353323543666 90.0 1
0.2 -0.6928750093166528 1.8 0.9003796132087003 90.0 1
0.2 -0.6977983431663596 1.8 0.9445250302002478 90.0 1
0.2 -0.6999118893717126 1.8 0.9888938253156341 90.0 1
0.2 -0.6992071374281056 1.8 1.0333073410766196 90.0 1
0.2 -0.6956869251228779 1.8 1.0775867399307075 90.0 1
0.2 -0.6893654271085456 1.8 1.121553724366851 90.0 1
0.2 -0.6802680978264792 1.8 1.1650312548565986 90.0 1
0.2 -0.6684315690108517 1.8 1.2078442627297925 90.0 1
0.2 -0.6539035021855747 1.8 1.24982035511431 90.0 1
0.2 -0.6367423967481629 1.8 1.29079050910132 90.0 1
0.2 -0.6170173544133073 1.8 1.330589752340878 90.0 1
0.2 -0.59480780096466 1.8 1.3690578273273517 90.0 1
0.2 -0.570203166435235 1.8 1.4060398366998386 90.0 1
0.2 -0.5433025250042299 1.8 1.4413868669591654 90.0 1
0.2 -0.5142141960602732 1.8 1.4749565880899926 90.0 1
0.2 -0.48305530803747837 1.8 1.506613826673549 90.0 1
0.2 -0.4499513267805777 1.8 1.5362311101832844 90.0 1
0.2 -0.41503555033824857 1.8 1.5636891802717408 90.0 1
0.2 -0.3784485722189182 1.8 1.5888774729818267 90.0 1
0.2 -0.34033771527032813 1.8 1.6116945639488494 90.0 1
0.2 -0.30085643846242033 1.8 1.6320485768006348 90.0 1
0.2 -0.2601637189622296 1.8 1.6498575531112505 90.0 1
0.2 -0.21842341198894094 1.8 1.6650497824186616 90.0 1
0.2 -0.17580359102675555 1.8 1.6775640909774494 90.0 1
0.2 -0.13247587105228742 1.8 1.6873500880838945 90.0 1
0.2 -0.08861471750162495 1.8 1.6943683689815567 90.0 1
0.2 -0.04439674375959516 1.8 1.6985906735303191 90.0 1
0.2 -1.7145055188062944e-16 1.8 1.7 90.0 1
