5.0 0.0 1.8 1.7 90.0 0
0.2 0.0 1.8 1.7 90.0 1
0.2 0.06659511563939272 1.8 1.6985906735303191 90.0 1
0.2 0.1329220762524367 1.8 1.6943683689815567 90.0 1
0.2 0.19871380657843066 1.8 1.6873500880838948 90.0 1
0.2 0.26370538654013315 1.8 1.6775640909774494 90.0 1
0.2 0.3276351179834114 1.8 1.6650497824186616 90.0 1
0.2 0.39024557844334384 1.8 1.6498575531112507 90.0 1
0.2 0.4512846576936301 1.8 1.632048576800635 90.0 1
0.2 0.5105065729054921 1.8 1.6116945639488494 90.0 1
0.2 0.5676728583283773 1.8 1.5888774729818267 90.0 1
0.2 0.6225533255073723 1.8 1.563689180271741 90.0 1
0.2 0.6749269901708661 1.8 1.5362311101832846 90.0 1
0.2 0.7245829620562174 1.8 1.5066138266735492 90.0 1
0.2 0.7713212940904097 1.8 1.4749565880899924 90.0 1
0.2 0.8149537875063445 1.8 1.4413868669591658 90.0 1
0.2 0.8553047496528524 1.8 1.4060398366998386 90.0 1
0.2 0.8922117014469899 1.8 1.3690578273273517 90.0 1
0.2 0.925526031619961 1.8 1.3305897523408778 90.0 1
0.2 0.955113595122244 1.8 1.2907905091013205 90.0 1
0.2 0.9808552532783619 1.8 1.2498203551143103 90.0 1
0.2 1.0026473535162774 1.8 1.2078442627297925 90.0 1
0.2 1.0204021467397186 1.8 1.165031254856599 90.0 1
0.2 1.0340481406628181 1.8 1.1215537243668512 90.0 1
0.2 1.0435303876843167 1.8 1.0775867399307077 90.0 1
0.2 1.048810706142158 1.8 1.0333073410766196 90.0 1
0.2 1.0498678340575687 1.8 0.9888938253156345 90.0 1
0.2 1.0466975147495394 1.8 0.9445250302002481 90.0 1
0.2 1.0393125139749793 1.8 0.9003796132087005 90.0 1
0.2 1.0277425685255175 1.8 0.8566353323543666 90.0 1
0.2 1.0120342664879391 1.8 0.8134683304169756 90.0 1
0.2 0.9922508596504017 1.8 0.7710524256778049 90.0 1
0.2 0.9684720088098102 1.8 0.72955841201481 90.0 1
0.2 0.9407934630059025 1.8 0.6891533711759581 90.0 1
0.2 0.9093266739736605 1.8 0.6500000000000001 90.0 1
0.2 0.8741983473665098 1.8 0.6122559552937228 90.0 1
0.2 0.8355499325573738 1.8 0.5760732190036335 90.0 1
0.2 0.7935370530719711 1.8 0.5415974862383006 90.0 1
0.2 0.7483288799478061 1.8 0.5089675786055753 90.0 1
0.2 0.7001074505421061 1.8 0.47831488522697174 90.0 1
0.2 0.6490669355316356 1.8 0.449762833680049 90.0 1
0.2 0.5954128570559093 1.8 0.4234263929991171 90.0 1
0.2 0.5393612611520765 1.8 0.3994116107355161 90.0 1
0.2 0.48113784781378094 1.8 0.3778151859415537 90.0 1
0.2 0.4209770621769442 1.8 0.3587240797975513 90.0 1
0.2 0.35912115049195226 1.8 0.3422151654498642 90.0 1
0.2 0.2958191846835011 1.8 0.3283549184698519 90.0 1
0.2 0.2313260594258678 1.8 0.3171991491802151 90.0 1
0.2 0.16590146577201736 1.8 0.30879277792652404 90.0 1
0.2 0.099808845469392 1.8 0.3031696541988408 90.0 1
0.2 0.033314330172971036 1.8 0.30035242033177045 90.0 1
0.2 -0.03331433017297078 1.8 0.30035242033177045 90.0 1
0.2 -0.09980884546939174 1.8 0.3031696541988408 90.0 1
0.2 -0.1659014657720171 1.8 0.30879277792652393 90.0 1
0.2 -0.23132605942586754 1.8 0.3171991491802151 90.0 1
0.2 -0.2958191846835008 1.8 0.32835491846985176 90.0 1
0.2 -0.35912115049195203 1.8 0.3422151654498642 90.0 1
0.2 -0.420977062176944 1.8 0.3587240797975513 90.0 1
0.2 -0.4811378478137807 1.8 0.3778151859415536 90.0 1
0.2 -0.5393612611520763 1.8 0.399411610735516 90.0 1
0.2 -0.5954128570559091 1.8 0.4234263929991171 90.0 1
0.2 -0.6490669355316354 1.8 0.4497628336800489 90.0 1
0.2 -0.700107450542106 1.8 0.47831488522697163 90.0 1
0.2 -0.748328879947806 1.8 0.5089675786055752 90.0 1
0.2 -0.793537053071971 1.8 0.5415974862383004 90.0 1
0.2 -0.8355499325573735 1.8 0.5760732190036334 90.0 1
0.2 -0.8741983473665097 1.8 0.6122559552937227 90.0 1
0.2 -0.9093266739736603 1.8 0.6499999999999997 90.0 1
0.2 -0.9407934630059026 1.8 0.6891533711759583 90.0 1
0.2 -0.9684720088098102 1.8 0.72955841201481 90.0 1
0.2 -0.9922508596504016 1.8 0.7710524256778046 90.0 1
0.2 -1.012034266487939 1.8 0.8134683304169752 90.0 1
0.2 -1.0277425685255175 1.8 0.8566353323543666 90.0 1
0.2 -1.039312513974979 1.8 0.9003796132087003 90.0 1
0.2 -1.0466975147495392 1.8 0.9445250302002478 90.0 1
0.2 -1.0498678340575687 1.8 0.9888938253156341 90.0 1
0.2 -1.048810706142158 1.8 1.0333073410766196 90.0 1
0.2 -1.0435303876843167 1.8 1.0775867399307075 90.0 1
0.2 -1.0340481406628184 1.8 1.121553724366851 90.0 1
0.2 -1.0204021467397189 1.8 1.1650312548565986 90.0 1
0.2 -1.0026473535162774 1.8 1.2078442627297925 90.0 1
0.2 -0.980855253278362 1.8 1.24982035511431 90.0 1
0.2 -0.9551135951222444 1.8 1.29079050910132 90.0 1
0.2 -0.9255260316199609 1.8 1.330589752340878 90.0 1
0.2 -0.8922117014469899 1.8 1.3690578273273517 90.0 1
0.2 -0.8553047496528525 1.8 1.4060398366998386 90.0 1
0.2 -0.8149537875063448 1.8 1.4413868669591654 90.0 1
0.2 -0.7713212940904096 1.8 1.4749565880899926 90.0 1
0.2 -0.7245829620562175 1.8 1.506613826673549 90.0 1
0.2 -0.6749269901708664 1.8 1.5362311101832844 90.0 1
0.2 -0.6225533255073727 1.8 1.5636891802717408 90.0 1
0.2 -0.5676728583283772 1.8 1.5888774729818267 90.0 1
0.2 -0.5105065729054922 1.8 1.6116945639488494 90.0 1
0.2 -0.45128465769363046 1.8 1.6320485768006348 90.0 1
0.2 -0.3902455784433444 1.8 1.6498575531112505 90.0 1
0.2 -0.3276351179834114 1.8 1.6650497824186616 90.0 1
0.2 -0.2637053865401333 1.8 1.6775640909774494 90.0 1
0.2 -0.19871380657843113 1.8 1.6873500880838945 90.0 1
0.2 -0.1329220762524374 1.8 1.6943683689815567 90.0 1
0.2 -0.06659511563939273 1.8 1.6985906735303191 90.0 1
0.2 -2.5717582782094415e-16 1.8 1.7 90.0 1
5.0 0.0 1.8 1.7 90.0 0
0.2 0.0 1.8 1.7 90.0 1
0.2 0.06659511563939272 1.8 1.6985906735303191 90.0 1
0.2 0.1329220762524367 1.8 1.6943683689815567 90.0 1
0.2 0.19871380657843066 1.8 1.6873500880838948 90.0 1
0.2 0.26370538654013315 1.8 1.6775640909774494 90.0 1
0.2 0.3276351179834114 1.8 1.6650497824186616 90.0 1
0.2 0.39024557844334384 1.8 1.6498575531112507 90.0 1
0.2 0.4512846576936301 1.8 1.632048576800635 90.0 1
0.2 0.5105065729054921 1.8 1.6116945639488494 90.0 1
0.2 0.5676728583283773 1.8 1.5888774729818267 90.0 1
0.2 0.6225533255073723 1.8 1.563689180271741 90.0 1
0.2 0.6749269901708661 1.8 1.5362311101832846 90.0 1
0.2 0.7245829620562174 1.8 1.5066138266735492 90.0 1
0.2 0.7713212940904097 1.8 1.4749565880899924 90.0 1
0.2 0.8149537875063445 1.8 1.4413868669591658 90.0 1
0.2 0.8553047496528524 1.8 1.4060398366998386 90.0 1
0.2 0.8922117014469899 1.8 1.3690578273273517 90.0 1
0.2 0.925526031619961 1.8 1.3305897523408778 90.0 1
0.2 0.955113595122244 1.8 1.2907905091013205 90.0 1
0.2 0.9808552532783619 1.8 1.2498203551143103 90.0 1
0.2 1.0026473535162774 1.8 1.2078442627297925 90.0 1
0.2 1.0204021467397186 1.8 1.165031254856599 90.0 1
0.2 1.0340481406628181 1.8 1.1215537243668512 90.0 1
0.2 1.0435303876843167 1.8 1.0775867399307077 90.0 1
0.2 1.048810706142158 1.8 1.0333073410766196 90.0 1
0.2 1.0498678340575687 1.8 0.9888938253156345 90.0 1
0.2 1.0466975147495394 1.8 0.9445250302002481 90.0 1
0.2 1.0393125139749793 1.8 0.9003796132087005 90.0 1
0.2 1.0277425685255175 1.8 0.8566353323543666 90.0 1
0.2 1.0120342664879391 1.8 0.8134683304169756 90.0 1
0.2 0.9922508596504017 1.8 0.7710524256778049 90.0 1
0.2 0.9684720088098102 1.8 0.72955841201481 90.0 1
0.2 0.9407934630059025 1.8 0.6891533711759581 90.0 1
0.2 0.9093266739736605 1.8 0.6500000000000001 90.0 1
0.2 0.8741983473665098 1.8 0.6122559552937228 90.0 1
0.2 0.8355499325573738 1.8 0.5760732190036335 90.0 1
0.2 0.7935370530719711 1.8 0.5415974862383006 90.0 1
0.2 0.7483288799478061 1.8 0.5089675786055753 90.0 1
0.2 0.7001074505421061 1.8 0.47831488522697174 90.0 1
0.2 0.6490669355316356 1.8 0.449762833680049 90.0 1
0.2 0.5954128570559093 1.8 0.4234263929991171 90.0 1
0.2 0.5393612611520765 1.8 0.3994116107355161 90.0 1
0.2 0.48113784781378094 1.8 0.3778151859415537 90.0 1
0.2 0.4209770621769442 1.8 0.3587240797975513 90.0 1
0.2 0.35912115049195226 1.8 0.3422151654498642 90.0 1
0.2 0.2958191846835011 1.8 0.3283549184698519 90.0 1
0.2 0.2313260594258678 1.8 0.3171991491802151 90.0 1
0.2 0.16590146577201736 1.8 0.30879277792652404 90.0 1
0.2 0.099808845469392 1.8 0.3031696541988408 90.0 1
0.2 0.033314330172971036 1.8 0.30035242033177045 90.0 1
0.2 -0.03331433017297078 1.8 0.30035242033177045 90.0 1
0.2 -0.09980884546939174 1.8 0.3031696541988408 90.0 1
0.2 -0.1659014657720171 1.8 0.30879277792652393 90.0 1
0.2 -0.23132605942586754 1.8 0.3171991491802151 90.0 1
0.2 -0.2958191846835008 1.8 0.32835491846985176 90.0 1
0.2 -0.35912115049195203 1.8 0.3422151654498642 90.0 1
0.2 -0.420977062176944 1.8 0.3587240797975513 90.0 1
0.2 -0.4811378478137807 1.8 0.3778151859415536 90.0 1
0.2 -0.5393612611520763 1.8 0.399411610735516 90.0 1
0.2 -0.5954128570559091 1.8 0.4234263929991171 90.0 1
0.2 -0.6490669355316354 1.8 0.4497628336800489 90.0 1
0.2 -0.700107450542106 1.8 0.47831488522697163 90.0 1
0.2 -0.748328879947806 1.8 0.5089675786055752 90.0 1
0.2 -0.793537053071971 1.8 0.5415974862383004 90.0 1
0.2 -0.8355499325573735 1.8 0.5760732190036334 90.0 1
0.2 -0.8741983473665097 1.8 0.6122559552937227 90.0 1
0.2 -0.9093266739736603 1.8 0.6499999999999997 90.0 1
0.2 -0.9407934630059026 1.8 0.6891533711759583 90.0 1
0.2 -0.9684720088098102 1.8 0.72955841201481 90.0 1
0.2 -0.9922508596504016 1.8 0.7710524256778046 90.0 1
0.2 -1.012034266487939 1.8 0.8134683304169752 90.0 1
0.2 -1.0277425685255175 1.8 0.8566353323543666 90.0 1
0.2 -1.039312513974979 1.8 0.9003796132087003 90.0 1
0.2 -1.0466975147495392 1.8 0.9445250302002478 90.0 1
0.2 -1.0498678340575687 1.8 0.9888938253156341 90.0 1
0.2 -1.048810706142158 1.8 1.0333073410766196 90.0 1
0.2 -1.0435303876843167 1.8 1.0775867399307075 90.0 1
0.2 -1.0340481406628184 1.8 1.121553724366851 90.0 1
0.2 -1.0204021467397189 1.8 1.1650312548565986 90.0 1
0.2 -1.0026473535162774 1.8 1.2078442627297925 90.0 1
0.2 -0.980855253278362 1.8 1.24982035511431 90.0 1
0.2 -0.9551135951222444 1.8 1.29079050910132 90.0 1
0.2 -0.9255260316199609 1.8 1.330589752340878 90.0 1
0.2 -0.8922117014469899 1.8 1.3690578273273517 90.0 1
0.2 -0.8553047496528525 1.8 1.4060398366998386 90.0 1
0.2 -0.8149537875063448 1.8 1.4413868669591654 90.0 1
0.2 -0.7713212940904096 1.8 1.4749565880899926 90.0 1
0.2 -0.7245829620562175 1.8 1.506613826673549 90.0 1
0.2 -0.6749269901708664 1.8 1.5362311101832844 90.0 1
0.2 -0.6225533255073727 1.8 1.5636891802717408 90.0 1
0.2 -0.5676728583283772 1.8 1.5888774729818267 90.0 1
0.2 -0.5105065729054922 1.8 1.6116945639488494 90.0 1
0.2 -0.45128465769363046 1.8 1.6320485768006348 90.0 1
0.2 -0.3902455784433444 1.8 1.6498575531112505 90.0 1
0.2 -0.3276351179834114 1.8 1.6650497824186616 90.0 1
0.2 -0.2637053865401333 1.8 1.6775640909774494 90.0 1
0.2 -0.19871380657843113 1.8 1.6873500880838945 90.0 1
0.2 -0.1329220762524374 1.8 1.6943683689815567 90.0 1
0.2 -0.06659511563939273 1.8 1.6985906735303191 90.0 1
0.2 -2.5717582782094415e-16 1.8 1.7 90.0 1
5.0 0.0 1.8 1.7 90.0 0
0.2 0.0 1.8 1.7 90.0 1
0.2 0.06659511563939272 1.8 1.6985906735303191 90.0 1
0.2 0.1329220762524367 1.8 1.6943683689815567 90.0 1
0.2 0.19871380657843066 1.8 1.6873500880838948 90.0 1
0.2 0.26370538654013315 1.8 1.6775640909774494 90.0 1
0.2 0.3276351179834114 1.8 1.6650497824186616 90.0 1
0.2 0.39024557844334384 1.8 1.6498575531112507 90.0 1
0.2 0.4512846576936301 1.8 1.632048576800635 90.0 1
0.2 0.5105065729054921 1.8 1.6116945639488494 90.0 1
0.2 0.5676728583283773 1.8 1.5888774729818267 90.0 1
0.2 0.6225533255073723 1.8 1.563689180271741 90.0 1
0.2 0.6749269901708661 1.8 1.5362311101832846 90.0 1
0.2 0.7245829620562174 1.8 1.5066138266735492 90.0 1
0.2 0.7713212940904097 1.8 1.4749565880899924 90.0 1
0.2 0.8149537875063445 1.8 1.4413868669591658 90.0 1
0.2 0.8553047496528524 1.8 1.4060398366998386 90.0 1
0.2 0.8922117014469899 1.8 1.3690578273273517 90.0 1
0.2 0.925526031619961 1.8 1.3305897523408778 90.0 1
0.2 0.955113595122244 1.8 1.2907905091013205 90.0 1
0.2 0.9808552532783619 1.8 1.2498203551143103 90.0 1
0.2 1.0026473535162774 1.8 1.2078442627297925 90.0 1
0.2 1.0204021467397186 1.8 1.165031254856599 90.0 1
0.2 1.0340481406628181 1.8 1.1215537243668512 90.0 1
0.2 1.0435303876843167 1.8 1.0775867399307077 90.0 1
0.2 1.048810706142158 1.8 1.0333073410766196 90.0 1
0.2 1.0498678340575687 1.8 0.9888938253156345 90.0 1
0.2 1.0466975147495394 1.8 0.9445250302002481 90.0 1
0.2 1.0393125139749793 1.8 0.9003796132087005 90.0 1
0.2 1.0277425685255175 1.8 0.8566353323543666 90.0 1
0.2 1.0120342664879391 1.8 0.8134683304169756 90.0 1
0.2 0.9922508596504017 1.8 0.7710524256778049 90.0 1
0.2 0.9684720088098102 1.8 0.72955841201481 90.0 1
0.2 0.9407934630059025 1.8 0.6891533711759581 90.0 1
0.2 0.9093266739736605 1.8 0.6500000000000001 90.0 1
0.2 0.8741983473665098 1.8 0.6122559552937228 90.0 1
0.2 0.8355499325573738 1.8 0.5760732190036335 90.0 1
0.2 0.7935370530719711 1.8 0.5415974862383006 90.0 1
0.2 0.7483288799478061 1.8 0.5089675786055753 90.0 1
0.2 0.7001074505421061 1.8 0.47831488522697174 90.0 1
0.2 0.6490669355316356 1.8 0.449762833680049 90.0 1
0.2 0.5954128570559093 1.8 0.4234263929991171 90.0 1
0.2 0.5393612611520765 1.8 0.3994116107355161 90.0 1
0.2 0.48113784781378094 1.8 0.3778151859415537 90.0 1
0.2 0.4209770621769442 1.8 0.3587240797975513 90.0 1
0.2 0.35912115049195226 1.8 0.3422151654498642 90.0 1
0.2 0.2958191846835011 1.8 0.3283549184698519 90.0 1
0.2 0.2313260594258678 1.8 0.3171991491802151 90.0 1
0.2 0.16590146577201736 1.8 0.30879277792652404 90.0 1
0.2 0.099808845469392 1.8 0.3031696541988408 90.0 1
0.2 0.033314330172971036 1.8 0.30035242033177045 90.0 1
0.2 -0.03331433017297078 1.8 0.30035242033177045 90.0 1
0.2 -0.09980884546939174 1.8 0.3031696541988408 90.0 1
0.2 -0.1659014657720171 1.8 0.30879277792652393 90.0 1
0.2 -0.23132605942586754 1.8 0.3171991491802151 90.0 1
0.2 -0.2958191846835008 1.8 0.32835491846985176 90.0 1
0.2 -0.35912115049195203 1.8 0.3422151654498642 90.0 1
0.2 -0.420977062176944 1.8 0.3587240797975513 90.0 1
0.2 -0.4811378478137807 1.8 0.3778151859415536 90.0 1
0.2 -0.5393612611520763 1.8 0.399411610735516 90.0 1
0.2 -0.5954128570559091 1.8 0.4234263929991171 90.0 1
0.2 -0.6490669355316354 1.8 0.4497628336800489 90.0 1
0.2 -0.700107450542106 1.8 0.47831488522697163 90.0 1
0.2 -0.748328879947806 1.8 0.5089675786055752 90.0 1
0.2 -0.793537053071971 1.8 0.5415974862383004 90.0 1
0.2 -0.8355499325573735 1.8 0.5760732190036334 90.0 1
0.2 -0.8741983473665097 1.8 0.6122559552937227 90.0 1
0.2 -0.9093266739736603 1.8 0.6499999999999997 90.0 1
0.2 -0.9407934630059026 1.8 0.6891533711759583 90.0 1
0.2 -0.9684720088098102 1.8 0.72955841201481 90.0 1
0.2 -0.9922508596504016 1.8 0.7710524256778046 90.0 1
0.2 -1.012034266487939 1.8 0.8134683304169752 90.0 1
0.2 -1.0277425685255175 1.8 0.8566353323543666 90.0 1
0.2 -1.039312513974979 1.8 0.9003796132087003 90.0 1
0.2 -1.0466975147495392 1.8 0.9445250302002478 90.0 1
0.2 -1.0498678340575687 1.8 0.9888938253156341 90.0 1
0.2 -1.048810706142158 1.8 1.0333073410766196 90.0 1
0.2 -1.0435303876843167 1.8 1.0775867399307075 90.0 1
0.2 -1.0340481406628184 1.8 1.121553724366851 90.0 1
0.2 -1.0204021467397189 1.8 1.1650312548565986 90.0 1
0.2 -1.0026473535162774 1.8 1.2078442627297925 90.0 1
0.2 -0.980855253278362 1.8 1.24982035511431 90.0 1
0.2 -0.9551135951222444 1.8 1.29079050910132 90.0 1
0.2 -0.9255260316199609 1.8 1.330589752340878 90.0 1
0.2 -0.8922117014469899 1.8 1.3690578273273517 90.0 1
0.2 -0.8553047496528525 1.8 1.4060398366998386 90.0 1
0.2 -0.8149537875063448 1.8 1.4413868669591654 90.0 1
0.2 -0.7713212940904096 1.8 1.4749565880899926 90.0 1
0.2 -0.7245829620562175 1.8 1.506613826673549 90.0 1
0.2 -0.6749269901708664 1.8 1.5362311101832844 90.0 1
0.2 -0.6225533255073727 1.8 1.5636891802717408 90.0 1
0.2 -0.5676728583283772 1.8 1.5888774729818267 90.0 1
0.2 -0.5105065729054922 1.8 1.6116945639488494 90.0 1
0.2 -0.45128465769363046 1.8 1.6320485768006348 90.0 1
0.2 -0.3902455784433444 1.8 1.6498575531112505 90.0 1
0.2 -0.3276351179834114 1.8 1.6650497824186616 90.0 1
0.2 -0.2637053865401333 1.8 1.6775640909774494 90.0 1
0.2 -0.19871380657843113 1.8 1.6873500880838945 90.0 1
0.2 -0.1329220762524374 1.8 1.6943683689815567 90.0 1
0.2 -0.06659511563939273 1.8 1.6985906735303191 90.0 1
0.2 -2.5717582782094415e-16 1.8 1.7 90.0 1
5.0 0.0 1.8 1.7 90.0 0
0.2 0.0 1.8 1.7 90.0 1
0.2 0.06659511563939272 1.8 1.6985906735303191 90.0 1
0.2 0.1329220762524367 1.8 1.6943683689815567 90.0 1
0.2 0.19871380657843066 1.8 1.6873500880838948 90.0 1
0.2 0.26370538654013315 1.8 1.6775640909774494 90.0 1
0.2 0.3276351179834114 1.8 1.6650497824186616 90.0 1
0.2 0.39024557844334384 1.8 1.6498575531112507 90.0 1
0.2 0.4512846576936301 1.8 1.632048576800635 90.0 1
0.2 0.5105065729054921 1.8 1.6116945639488494 90.0 1
0.2 0.5676728583283773 1.8 1.5888774729818267 90.0 1
0.2 0.6225533255073723 1.8 1.563689180271741 90.0 1
0.2 0.6749269901708661 1.8 1.5362311101832846 90.0 1
0.2 0.7245829620562174 1.8 1.5066138266735492 90.0 1
0.2 0.7713212940904097 1.8 1.4749565880899924 90.0 1
0.2 0.8149537875063445 1.8 1.4413868669591658 90.0 1
0.2 0.8553047496528524 1.8 1.4060398366998386 90.0 1
0.2 0.8922117014469899 1.8 1.3690578273273517 90.0 1
0.2 0.925526031619961 1.8 1.3305897523408778 90.0 1
0.2 0.955113595122244 1.8 1.2907905091013205 90.0 1
0.2 0.9808552532783619 1.8 1.2498203551143103 90.0 1
0.2 1.0026473535162774 1.8 1.2078442627297925 90.0 1
0.2 1.0204021467397186 1.8 1.165031254856599 90.0 1
0.2 1.0340481406628181 1.8 1.1215537243668512 90.0 1
0.2 1.0435303876843167 1.8 1.0775867399307077 90.0 1
0.2 1.048810706142158 1.8 1.0333073410766196 90.0 1
0.2 1.0498678340575687 1.8 0.9888938253156345 90.0 1
0.2 1.0466975147495394 1.8 0.9445250302002481 90.0 1
0.2 1.0393125139749793 1.8 0.9003796132087005 90.0 1
0.2 1.0277425685255175 1.8 0.8566353323543666 90.0 1
0.2 1.0120342664879391 1.8 0.8134683304169756 90.0 1
0.2 0.9922508596504017 1.8 0.7710524256778049 90.0 1
0.2 0.9684720088098102 1.8 0.72955841201481 90.0 1
0.2 0.9407934630059025 1.8 0.6891533711759581 90.0 1
0.2 0.9093266739736605 1.8 0.6500000000000001 90.0 1
0.2 0.8741983473665098 1.8 0.6122559552937228 90.0 1
0.2 0.8355499325573738 1.8 0.5760732190036335 90.0 1
0.2 0.7935370530719711 1.8 0.5415974862383006 90.0 1
0.2 0.7483288799478061 1.8 0.5089675786055753 90.0 1
0.2 0.7001074505421061 1.8 0.47831488522697174 90.0 1
0.2 0.6490669355316356 1.8 0.449762833680049 90.0 1
0.2 0.5954128570559093 1.8 0.4234263929991171 90.0 1
0.2 0.5393612611520765 1.8 0.3994116107355161 90.0 1
0.2 0.48113784781378094 1.8 0.3778151859415537 90.0 1
0.2 0.4209770621769442 1.8 0.3587240797975513 90.0 1
0.2 0.35912115049195226 1.8 0.3422151654498642 90.0 1
0.2 0.2958191846835011 1.8 0.3283549184698519 90.0 1
0.2 0.2313260594258678 1.8 0.3171991491802151 90.0 1
0.2 0.16590146577201736 1.8 0.30879277792652404 90.0 1
0.2 0.099808845469392 1.8 0.3031696541988408 90.0 1
0.2 0.033314330172971036 1.8 0.30035242033177045 90.0 1
0.2 -0.03331433017297078 1.8 0.30035242033177045 90.0 1
0.2 -0.09980884546939174 1.8 0.3031696541988408 90.0 1
0.2 -0.1659014657720171 1.8 0.30879277792652393 90.0 1
0.2 -0.23132605942586754 1.8 0.3171991491802151 90.0 1
0.2 -0.2958191846835008 1.8 0.32835491846985176 90.0 1
0.2 -0.35912115049195203 1.8 0.3422151654498642 90.0 1
0.2 -0.420977062176944 1.8 0.3587240797975513 90.0 1
0.2 -0.4811378478137807 1.8 0.3778151859415536 90.0 1
0.2 -0.5393612611520763 1.8 0.399411610735516 90.0 1
0.2 -0.5954128570559091 1.8 0.4234263929991171 90.0 1
0.2 -0.6490669355316354 1.8 0.4497628336800489 90.0 1
0.2 -0.700107450542106 1.8 0.47831488522697163 90.0 1
0.2 -0.748328879947806 1.8 0.5089675786055752 90.0 1
0.2 -0.793537053071971 1.8 0.5415974862383004 90.0 1
0.2 -0.8355499325573735 1.8 0.5760732190036334 90.0 1
0.2 -0.8741983473665097 1.8 0.6122559552937227 90.0 1
0.2 -0.9093266739736603 1.8 0.6499999999999997 90.0 1
0.2 -0.9407934630059026 1.8 0.6891533711759583 90.0 1
0.2 -0.9684720088098102 1.8 0.72955841201481 90.0 1
0.2 -0.9922508596504016 1.8 0.7710524256778046 90.0 1
0.2 -1.012034266487939 1.8 0.8134683304169752 90.0 1
0.2 -1.0277425685255175 1.8 0.8566353323543666 90.0 1
0.2 -1.039312513974979 1.8 0.9003796132087003 90.0 1
0.2 -1.0466975147495392 1.8 0.9445250302002478 90.0 1
0.2 -1.0498678340575687 1.8 0.9888938253156341 90.0 1
0.2 -1.048810706142158 1.8 1.0333073410766196 90.0 1
0.2 -1.0435303876843167 1.8 1.0775867399307075 90.0 1
0.2 -1.0340481406628184 1.8 1.121553724366851 90.0 1
0.2 -1.0204021467397189 1.8 1.1650312548565986 90.0 1
0.2 -1.0026473535162774 1.8 1.2078442627297925 90.0 1
0.2 -0.980855253278362 1.8 1.24982035511431 90.0 1
0.2 -0.9551135951222444 1.8 1.29079050910132 90.0 1
0.2 -0.9255260316199609 1.8 1.330589752340878 90.0 1
0.2 -0.8922117014469899 1.8 1.3690578273273517 90.0 1
0.2 -0.8553047496528525 1.8 1.4060398366998386 90.0 1
0.2 -0.8149537875063448 1.8 1.4413868669591654 90.0 1
0.2 -0.7713212940904096 1.8 1.4749565880899926 90.0 1
0.2 -0.7245829620562175 1.8 1.506613826673549 90.0 1
0.2 -0.6749269901708664 1.8 1.5362311101832844 90.0 1
0.2 -0.6225533255073727 1.8 1.5636891802717408 90.0 1
0.2 -0.5676728583283772 1.8 1.5888774729818267 90.0 1
0.2 -0.5105065729054922 1.8 1.6116945639488494 90.0 1
0.2 -0.45128465769363046 1.8 1.6320485768006348 90.0 1
0.2 -0.3902455784433444 1.8 1.6498575531112505 90.0 1
0.2 -0.3276351179834114 1.8 1.6650497824186616 90.0 1
0.2 -0.2637053865401333 1.8 1.6775640909774494 90.0 1
0.2 -0.19871380657843113 1.8 1.6873500880838945 90.0 1
0.2 -0.1329220762524374 1.8 1.6943683689815567 90.0 1
0.2 -0.06659511563939273 1.8 1.6985906735303191 90.0 1
0.2 -2.5717582782094415e-16 1.8 1.7 90.0 1
5.0 0.0 1.8 1.7 90.0 0
0.2 0.0 1.8 1.7 90.0 1
0.2 0.06659511563939272 1.8 1.6985906735303191 90.0 1
0.2 0.1329220762524367 1.8 1.6943683689815567 90.0 1
0.2 0.19871380657843066 1.8 1.6873500880838948 90.0 1
0.2 0.26370538654013315 1.8 1.6775640909774494 90.0 1
0.2 0.3276351179834114 1.8 1.6650497824186616 90.0 1
0.2 0.39024557844334384 1.8 1.6498575531112507 90.0 1
0.2 0.4512846576936301 1.8 1.632048576800635 90.0 1
0.2 0.5105065729054921 1.8 1.6116945639488494 90.0 1
0.2 0.5676728583283773 1.8 1.5888774729818267 90.0 1
0.2 0.6225533255073723 1.8 1.563689180271741 90.0 1
0.2 0.6749269901708661 1.8 1.5362311101832846 90.0 1
0.2 0.7245829620562174 1.8 1.5066138266735492 90.0 1
0.2 0.7713212940904097 1.8 1.4749565880899924 90.0 1
0.2 0.8149537875063445 1.8 1.4413868669591658 90.0 1
0.2 0.8553047496528524 1.8 1.4060398366998386 90.0 1
0.2 0.8922117014469899 1.8 1.3690578273273517 90.0 1
0.2 0.925526031619961 1.8 1.3305897523408778 90.0 1
0.2 0.955113595122244 1.8 1.2907905091013205 90.0 1
0.2 0.9808552532783619 1.8 1.2498203551143103 90.0 1
0.2 1.0026473535162774 1.8 1.2078442627297925 90.0 1
0.2 1.0204021467397186 1.8 1.165031254856599 90.0 1
0.2 1.0340481406628181 1.8 1.1215537243668512 90.0 1
0.2 1.0435303876843167 1.8 1.0775867399307077 90.0 1
0.2 1.048810706142158 1.8 1.0333073410766196 90.0 1
0.2 1.0498678340575687 1.8 0.9888938253156345 90.0 1
0.2 1.0466975147495394 1.8 0.9445250302002481 90.0 1
0.2 1.0393125139749793 1.8 0.9003796132087005 90.0 1
0.2 1.0277425685255175 1.8 0.8566353323543666 90.0 1
0.2 1.0120342664879391 1.8 0.8134683304169756 90.0 1
0.2 0.9922508596504017 1.8 0.7710524256778049 90.0 1
0.2 0.9684720088098102 1.8 0.72955841201481 90.0 1
0.2 0.9407934630059025 1.8 0.6891533711759581 90.0 1
0.2 0.9093266739736605 1.8 0.6500000000000001 90.0 1
0.2 0.8741983473665098 1.8 0.6122559552937228 90.0 1
0.2 0.8355499325573738 1.8 0.5760732190036335 90.0 1
0.2 0.7935370530719711 1.8 0.5415974862383006 90.0 1
0.2 0.7483288799478061 1.8 0.5089675786055753 90.0 1
0.2 0.7001074505421061 1.8 0.47831488522697174 90.0 1
0.2 0.6490669355316356 1.8 0.449762833680049 90.0 1
0.2 0.5954128570559093 1.8 0.4234263929991171 90.0 1
0.2 0.5393612611520765 1.8 0.3994116107355161 90.0 1
0.2 0.48113784781378094 1.8 0.3778151859415537 90.0 1
0.2 0.4209770621769442 1.8 0.3587240797975513 90.0 1
0.2 0.35912115049195226 1.8 0.3422151654498642 90.0 1
0.2 0.2958191846835011 1.8 0.3283549184698519 90.0 1
0.2 0.2313260594258678 1.8 0.3171991491802151 90.0 1
0.2 0.16590146577201736 1.8 0.30879277792652404 90.0 1
0.2 0.099808845469392 1.8 0.3031696541988408 90.0 1
0.2 0.033314330172971036 1.8 0.30035242033177045 90.0 1
0.2 -0.03331433017297078 1.8 0.30035242033177045 90.0 1
0.2 -0.09980884546939174 1.8 0.3031696541988408 90.0 1
0.2 -0.1659014657720171 1.8 0.30879277792652393 90.0 1
0.2 -0.23132605942586754 1.8 0.3171991491802151 90.0 1
0.2 -0.2958191846835008 1.8 0.32835491846985176 90.0 1
0.2 -0.35912115049195203 1.8 0.3422151654498642 90.0 1
0.2 -0.420977062176944 1.8 0.3587240797975513 90.0 1
0.2 -0.4811378478137807 1.8 0.3778151859415536 90.0 1
0.2 -0.5393612611520763 1.8 0.399411610735516 90.0 1
0.2 -0.5954128570559091 1.8 0.4234263929991171 90.0 1
0.2 -0.6490669355316354 1.8 0.4497628336800489 90.0 1
0.2 -0.700107450542106 1.8 0.47831488522697163 90.0 1
0.2 -0.748328879947806 1.8 0.5089675786055752 90.0 1
0.2 -0.793537053071971 1.8 0.5415974862383004 90.0 1
0.2 -0.8355499325573735 1.8 0.5760732190036334 90.0 1
0.2 -0.8741983473665097 1.8 0.6122559552937227 90.0 1
0.2 -0.9093266739736603 1.8 0.6499999999999997 90.0 1
0.2 -0.9407934630059026 1.8 0.6891533711759583 90.0 1
0.2 -0.9684720088098102 1.8 0.72955841201481 90.0 1
0.2 -0.9922508596504016 1.8 0.7710524256778046 90.0 1
0.2 -1.012034266487939 1.8 0.8134683304169752 90.0 1
0.2 -1.0277425685255175 1.8 0.8566353323543666 90.0 1
0.2 -1.039312513974979 1.8 0.9003796132087003 90.0 1
0.2 -1.0466975147495392 1.8 0.9445250302002478 90.0 1
0.2 -1.0498678340575687 1.8 0.9888938253156341 90.0 1
0.2 -1.048810706142158 1.8 1.0333073410766196 90.0 1
0.2 -1.0435303876843167 1.8 1.0775867399307075 90.0 1
0.2 -1.0340481406628184 1.8 1.121553724366851 90.0 1
0.2 -1.0204021467397189 1.8 1.1650312548565986 90.0 1
0.2 -1.0026473535162774 1.8 1.2078442627297925 90.0 1
0.2 -0.980855253278362 1.8 1.24982035511431 90.0 1
0.2 -0.9551135951222444 1.8 1.29079050910132 90.0 1
0.2 -0.9255260316199609 1.8 1.330589752340878 90.0 1
0.2 -0.8922117014469899 1.8 1.3690578273273517 90.0 1
0.2 -0.8553047496528525 1.8 1.4060398366998386 90.0 1
0.2 -0.8149537875063448 1.8 1.4413868669591654 90.0 1
0.2 -0.7713212940904096 1.8 1.4749565880899926 90.0 1
0.2 -0.7245829620562175 1.8 1.506613826673549 90.0 1
0.2 -0.6749269901708664 1.8 1.5362311101832844 90.0 1
0.2 -0.6225533255073727 1.8 1.5636891802717408 90.0 1
0.2 -0.5676728583283772 1.8 1.5888774729818267 90.0 1
0.2 -0.5105065729054922 1.8 1.6116945639488494 90.0 1
0.2 -0.45128465769363046 1.8 1.6320485768006348 90.0 1
0.2 -0.3902455784433444 1.8 1.6498575531112505 90.0 1
0.2 -0.3276351179834114 1.8 1.6650497824186616 90.0 1
0.2 -0.2637053865401333 1.8 1.6775640909774494 90.0 1
0.2 -0.19871380657843113 1.8 1.6873500880838945 90.0 1
0.2 -0.1329220762524374 1.8 1.6943683689815567 90.0 1
0.2 -0.06659511563939273 1.8 1.6985906735303191 90.0 1
0.2 -2.5717582782094415e-16 1.8 1.7 90.0 1
