5.0 0.0 0.0 1.7 0.0 0
0.2 0.0 0.0 1.7 0.0 1
0.2 0.0 0.022198371879797577 1.6985906735303191 0.0 1
0.2 0.0 0.04430735875081224 1.6943683689815567 0.0 1
0.2 0.0 0.06623793552614356 1.6873500880838948 0.0 1
0.2 0.0 0.08790179551337772 1.6775640909774494 0.0 1
0.2 0.0 0.10921170599447047 1.6650497824186616 0.0 1
0.2 0.0 0.13008185948111461 1.6498575531112507 0.0 1
0.2 0.0 0.15042821923121005 1.632048576800635 0.0 1
0.2 0.0 0.17016885763516404 1.6116945639488494 0.0 1
0.2 0.0 0.18922428610945913 1.5888774729818267 0.0 1
0.2 0.0 0.20751777516912412 1.563689180271741 0.0 1
0.2 0.0 0.2249756633902887 1.5362311101832846 0.0 1
0.2 0.0 0.24152765401873916 1.5066138266735492 0.0 1
0.2 0.0 0.2571070980301366 1.4749565880899924 0.0 1
0.2 0.0 0.27165126250211485 1.4413868669591658 0.0 1
0.2 0.0 0.28510158321761747 1.4060398366998386 0.0 1
0.2 0.0 0.29740390048233 1.3690578273273517 0.0 1
0.2 0.0 0.3085086772066537 1.3305897523408778 0.0 1
0.2 0.0 0.3183711983740814 1.2907905091013205 0.0 1
0.2 0.0 0.3269517510927873 1.2498203551143103 0.0 1
0.2 0.0 0.33421578450542583 1.2078442627297925 0.0 1
0.2 0.0 0.34013404891323956 1.165031254856599 0.0 1
0.2 0.0 0.34468271355427277 1.1215537243668512 0.0 1
0.2 0.0 0.34784346256143894 1.0775867399307077 0.0 1
0.2 0.0 0.3496035687140528 1.0333073410766196 0.0 1
0.2 0.0 0.3499559446858563 0.9888938253156345 0.0 1
0.2 0.0 0.3488991715831798 0.9445250302002481 0.0 1
0.2 0.0 0.34643750465832646 0.9003796132087005 0.0 1
0.2 0.0 0.34258085617517253 0.8566353323543666 0.0 1
0.2 0.0 0.33734475549597975 0.8134683304169756 0.0 1
0.2 0.0 0.33075028655013394 0.7710524256778049 0.0 1
0.2 0.0 0.32282400293660346 0.72955841201481 0.0 1
0.2 0.0 0.31359782100196754 0.6891533711759581 0.0 1
0.2 0.0 0.30310889132455354 0.6500000000000001 0.0 1
0.2 0.0 0.29139944912217 0.6122559552937228 0.0 1
0.2 0.0 0.2785166441857913 0.5760732190036335 0.0 1
0.2 0.0 0.2645123510239904 0.5415974862383006 0.0 1
0.2 0.0 0.24944295998260205 0.5089675786055753 0.0 1
0.2 0.0 0.23336915018070206 0.47831488522697174 0.0 1
0.2 0.0 0.21635564517721192 0.449762833680049 0.0 1
0.2 0.0 0.1984709523519698 0.4234263929991171 0.0 1
0.2 0.0 0.17978708705069218 0.3994116107355161 0.0 1
0.2 0.0 0.16037928260459366 0.3778151859415537 0.0 1
0.2 0.0 0.14032568739231474 0.3587240797975513 0.0 1
0.2 0.0 0.1197070501639841 0.3422151654498642 0.0 1
0.2 0.0 0.09860639489450038 0.3283549184698519 0.0 1
0.2 0.0 0.07710868647528928 0.3171991491802151 0.0 1
0.2 0.0 0.05530048859067246 0.30879277792652404 0.0 1
0.2 0.0 0.033269615156464004 0.3031696541988408 0.0 1
0.2 0.0 0.01110477672432368 0.30035242033177045 0.0 1
0.2 0.0 -0.011104776724323594 0.30035242033177045 0.0 1
0.2 0.0 -0.03326961515646392 0.3031696541988408 0.0 1
0.2 0.0 -0.05530048859067237 0.30879277792652393 0.0 1
0.2 0.0 -0.07710868647528919 0.3171991491802151 0.0 1
0.2 0.0 -0.09860639489450028 0.32835491846985176 0.0 1
0.2 0.0 -0.11970705016398402 0.3422151654498642 0.0 1
0.2 0.0 -0.14032568739231469 0.3587240797975513 0.0 1
0.2 0.0 -0.16037928260459358 0.3778151859415536 0.0 1
0.2 0.0 -0.17978708705069213 0.399411610735516 0.0 1
0.2 0.0 -0.1984709523519697 0.4234263929991171 0.0 1
0.2 0.0 -0.21635564517721184 0.4497628336800489 0.0 1
0.2 0.0 -0.233369150180702 0.47831488522697163 0.0 1
0.2 0.0 -0.24944295998260202 0.5089675786055752 0.0 1
0.2 0.0 -0.26451235102399034 0.5415974862383004 0.0 1
0.2 0.0 -0.2785166441857912 0.5760732190036334 0.0 1
0.2 0.0 -0.2913994491221699 0.6122559552937227 0.0 1
0.2 0.0 -0.30310889132455343 0.6499999999999997 0.0 1
0.2 0.0 -0.3135978210019676 0.6891533711759583 0.0 1
0.2 0.0 -0.32282400293660346 0.72955841201481 0.0 1
0.2 0.0 -0.3307502865501339 0.7710524256778046 0.0 1
0.2 0.0 -0.33734475549597964 0.8134683304169752 0.0 1
0.2 0.0 -0.34258085617517253 0.8566353323543666 0.0 1
0.2 0.0 -0.3464375046583264 0.9003796132087003 0.0 1
0.2 0.0 -0.3488991715831798 0.9445250302002478 0.0 1
0.2 0.0 -0.3499559446858563 0.9888938253156341 0.0 1
0.2 0.0 -0.3496035687140528 1.0333073410766196 0.0 1
0.2 0.0 -0.34784346256143894 1.0775867399307075 0.0 1
0.2 0.0 -0.3446827135542728 1.121553724366851 0.0 1
0.2 0.0 -0.3401340489132396 1.1650312548565986 0.0 1
0.2 0.0 -0.33421578450542583 1.2078442627297925 0.0 1
0.2 0.0 -0.32695175109278735 1.24982035511431 0.0 1
0.2 0.0 -0.31837119837408145 1.29079050910132 0.0 1
0.2 0.0 -0.30850867720665365 1.330589752340878 0.0 1
0.2 0.0 -0.29740390048233 1.3690578273273517 0.0 1
0.2 0.0 -0.2851015832176175 1.4060398366998386 0.0 1
0.2 0.0 -0.27165126250211497 1.4413868669591654 0.0 1
0.2 0.0 -0.2571070980301366 1.4749565880899926 0.0 1
0.2 0.0 -0.24152765401873919 1.506613826673549 0.0 1
0.2 0.0 -0.22497566339028885 1.5362311101832844 0.0 1
0.2 0.0 -0.20751777516912429 1.5636891802717408 0.0 1
0.2 0.0 -0.1892242861094591 1.5888774729818267 0.0 1
0.2 0.0 -0.17016885763516407 1.6116945639488494 0.0 1
0.2 0.0 -0.15042821923121016 1.6320485768006348 0.0 1
0.2 0.0 -0.1300818594811148 1.6498575531112505 0.0 1
0.2 0.0 -0.10921170599447047 1.6650497824186616 0.0 1
0.2 0.0 -0.08790179551337778 1.6775640909774494 0.0 1
0.2 0.0 -0.06623793552614371 1.6873500880838945 0.0 1
0.2 0.0 -0.04430735875081247 1.6943683689815567 0.0 1
0.2 0.0 -0.02219837187979758 1.6985906735303191 0.0 1
0.2 0.0 -8.572527594031472e-17 1.7 0.0 1
5.0 0.0 0.0 1.7 0.0 0
0.2 0.0 0.0 1.7 0.0 1
0.2 0.0 0.022198371879797577 1.6985906735303191 0.0 1
0.2 0.0 0.04430735875081224 1.6943683689815567 0.0 1
0.2 0.0 0.06623793552614356 1.6873500880838948 0.0 1
0.2 0.0 0.08790179551337772 1.6775640909774494 0.0 1
0.2 0.0 0.10921170599447047 1.6650497824186616 0.0 1
0.2 0.0 0.13008185948111461 1.6498575531112507 0.0 1
0.2 0.0 0.15042821923121005 1.632048576800635 0.0 1
0.2 0.0 0.17016885763516404 1.6116945639488494 0.0 1
0.2 0.0 0.18922428610945913 1.5888774729818267 0.0 1
0.2 0.0 0.20751777516912412 1.563689180271741 0.0 1
0.2 0.0 0.2249756633902887 1.5362311101832846 0.0 1
0.2 0.0 0.24152765401873916 1.5066138266735492 0.0 1
0.2 0.0 0.2571070980301366 1.4749565880899924 0.0 1
0.2 0.0 0.27165126250211485 1.4413868669591658 0.0 1
0.2 0.0 0.28510158321761747 1.4060398366998386 0.0 1
0.2 0.0 0.29740390048233 1.3690578273273517 0.0 1
0.2 0.0 0.3085086772066537 1.3305897523408778 0.0 1
0.2 0.0 0.3183711983740814 1.2907905091013205 0.0 1
0.2 0.0 0.3269517510927873 1.2498203551143103 0.0 1
0.2 0.0 0.33421578450542583 1.2078442627297925 0.0 1
0.2 0.0 0.34013404891323956 1.165031254856599 0.0 1
0.2 0.0 0.34468271355427277 1.1215537243668512 0.0 1
0.2 0.0 0.34784346256143894 1.0775867399307077 0.0 1
0.2 0.0 0.3496035687140528 1.0333073410766196 0.0 1
0.2 0.0 0.3499559446858563 0.9888938253156345 0.0 1
0.2 0.0 0.3488991715831798 0.9445250302002481 0.0 1
0.2 0.0 0.34643750465832646 0.9003796132087005 0.0 1
0.2 0.0 0.34258085617517253 0.8566353323543666 0.0 1
0.2 0.0 0.33734475549597975 0.8134683304169756 0.0 1
0.2 0.0 0.33075028655013394 0.7710524256778049 0.0 1
0.2 0.0 0.32282400293660346 0.72955841201481 0.0 1
0.2 0.0 0.31359782100196754 0.6891533711759581 0.0 1
0.2 0.0 0.30310889132455354 0.6500000000000001 0.0 1
0.2 0.0 0.29139944912217 0.6122559552937228 0.0 1
0.2 0.0 0.2785166441857913 0.5760732190036335 0.0 1
0.2 0.0 0.2645123510239904 0.5415974862383006 0.0 1
0.2 0.0 0.24944295998260205 0.5089675786055753 0.0 1
0.2 0.0 0.23336915018070206 0.47831488522697174 0.0 1
0.2 0.0 0.21635564517721192 0.449762833680049 0.0 1
0.2 0.0 0.1984709523519698 0.4234263929991171 0.0 1
0.2 0.0 0.17978708705069218 0.3994116107355161 0.0 1
0.2 0.0 0.16037928260459366 0.3778151859415537 0.0 1
0.2 0.0 0.14032568739231474 0.3587240797975513 0.0 1
0.2 0.0 0.1197070501639841 0.3422151654498642 0.0 1
0.2 0.0 0.09860639489450038 0.3283549184698519 0.0 1
0.2 0.0 0.07710868647528928 0.3171991491802151 0.0 1
0.2 0.0 0.05530048859067246 0.30879277792652404 0.0 1
0.2 0.0 0.033269615156464004 0.3031696541988408 0.0 1
0.2 0.0 0.01110477672432368 0.30035242033177045 0.0 1
0.2 0.0 -0.011104776724323594 0.30035242033177045 0.0 1
0.2 0.0 -0.03326961515646392 0.3031696541988408 0.0 1
0.2 0.0 -0.05530048859067237 0.30879277792652393 0.0 1
0.2 0.0 -0.07710868647528919 0.3171991491802151 0.0 1
0.2 0.0 -0.09860639489450028 0.32835491846985176 0.0 1
0.2 0.0 -0.11970705016398402 0.3422151654498642 0.0 1
0.2 0.0 -0.14032568739231469 0.3587240797975513 0.0 1
0.2 0.0 -0.16037928260459358 0.3778151859415536 0.0 1
0.2 0.0 -0.17978708705069213 0.399411610735516 0.0 1
0.2 0.0 -0.1984709523519697 0.4234263929991171 0.0 1
0.2 0.0 -0.21635564517721184 0.4497628336800489 0.0 1
0.2 0.0 -0.233369150180702 0.47831488522697163 0.0 1
0.2 0.0 -0.24944295998260202 0.5089675786055752 0.0 1
0.2 0.0 -0.26451235102399034 0.5415974862383004 0.0 1
0.2 0.0 -0.2785166441857912 0.5760732190036334 0.0 1
0.2 0.0 -0.2913994491221699 0.6122559552937227 0.0 1
0.2 0.0 -0.30310889132455343 0.6499999999999997 0.0 1
0.2 0.0 -0.3135978210019676 0.6891533711759583 0.0 1
0.2 0.0 -0.32282400293660346 0.72955841201481 0.0 1
0.2 0.0 -0.3307502865501339 0.7710524256778046 0.0 1
0.2 0.0 -0.33734475549597964 0.8134683304169752 0.0 1
0.2 0.0 -0.34258085617517253 0.8566353323543666 0.0 1
0.2 0.0 -0.3464375046583264 0.9003796132087003 0.0 1
0.2 0.0 -0.3488991715831798 0.9445250302002478 0.0 1
0.2 0.0 -0.3499559446858563 0.9888938253156341 0.0 1
0.2 0.0 -0.3496035687140528 1.0333073410766196 0.0 1
0.2 0.0 -0.34784346256143894 1.0775867399307075 0.0 1
0.2 0.0 -0.3446827135542728 1.121553724366851 0.0 1
0.2 0.0 -0.3401340489132396 1.1650312548565986 0.0 1
0.2 0.0 -0.33421578450542583 1.2078442627297925 0.0 1
0.2 0.0 -0.32695175109278735 1.24982035511431 0.0 1
0.2 0.0 -0.31837119837408145 1.29079050910132 0.0 1
0.2 0.0 -0.30850867720665365 1.330589752340878 0.0 1
0.2 0.0 -0.29740390048233 1.3690578273273517 0.0 1
0.2 0.0 -0.2851015832176175 1.4060398366998386 0.0 1
0.2 0.0 -0.27165126250211497 1.4413868669591654 0.0 1
0.2 0.0 -0.2571070980301366 1.4749565880899926 0.0 1
0.2 0.0 -0.24152765401873919 1.506613826673549 0.0 1
0.2 0.0 -0.22497566339028885 1.5362311101832844 0.0 1
0.2 0.0 -0.20751777516912429 1.5636891802717408 0.0 1
0.2 0.0 -0.1892242861094591 1.5888774729818267 0.0 1
0.2 0.0 -0.17016885763516407 1.6116945639488494 0.0 1
0.2 0.0 -0.15042821923121016 1.6320485768006348 0.0 1
0.2 0.0 -0.1300818594811148 1.6498575531112505 0.0 1
0.2 0.0 -0.10921170599447047 1.6650497824186616 0.0 1
0.2 0.0 -0.08790179551337778 1.6775640909774494 0.0 1
0.2 0.0 -0.06623793552614371 1.6873500880838945 0.0 1
0.2 0.0 -0.04430735875081247 1.6943683689815567 0.0 1
0.2 0.0 -0.02219837187979758 1.6985906735303191 0.0 1
0.2 0.0 -8.572527594031472e-17 1.7 0.0 1
5.0 0.0 0.0 1.7 0.0 0
0.2 0.0 0.0 1.7 0.0 1
0.2 0.0 0.022198371879797577 1.6985906735303191 0.0 1
0.2 0.0 0.04430735875081224 1.6943683689815567 0.0 1
0.2 0.0 0.06623793552614356 1.6873500880838948 0.0 1
0.2 0.0 0.08790179551337772 1.6775640909774494 0.0 1
0.2 0.0 0.10921170599447047 1.6650497824186616 0.0 1
0.2 0.0 0.13008185948111461 1.6498575531112507 0.0 1
0.2 0.0 0.15042821923121005 1.632048576800635 0.0 1
0.2 0.0 0.17016885763516404 1.6116945639488494 0.0 1
0.2 0.0 0.18922428610945913 1.5888774729818267 0.0 1
0.2 0.0 0.20751777516912412 1.563689180271741 0.0 1
0.2 0.0 0.2249756633902887 1.5362311101832846 0.0 1
0.2 0.0 0.24152765401873916 1.5066138266735492 0.0 1
0.2 0.0 0.2571070980301366 1.4749565880899924 0.0 1
0.2 0.0 0.27165126250211485 1.4413868669591658 0.0 1
0.2 0.0 0.28510158321761747 1.4060398366998386 0.0 1
0.2 0.0 0.29740390048233 1.3690578273273517 0.0 1
0.2 0.0 0.3085086772066537 1.3305897523408778 0.0 1
0.2 0.0 0.3183711983740814 1.2907905091013205 0.0 1
0.2 0.0 0.3269517510927873 1.2498203551143103 0.0 1
0.2 0.0 0.33421578450542583 1.2078442627297925 0.0 1
0.2 0.0 0.34013404891323956 1.165031254856599 0.0 1
0.2 0.0 0.34468271355427277 1.1215537243668512 0.0 1
0.2 0.0 0.34784346256143894 1.0775867399307077 0.0 1
0.2 0.0 0.3496035687140528 1.0333073410766196 0.0 1
0.2 0.0 0.3499559446858563 0.9888938253156345 0.0 1
0.2 0.0 0.3488991715831798 0.9445250302002481 0.0 1
0.2 0.0 0.34643750465832646 0.9003796132087005 0.0 1
0.2 0.0 0.34258085617517253 0.8566353323543666 0.0 1
0.2 0.0 0.33734475549597975 0.8134683304169756 0.0 1
0.2 0.0 0.33075028655013394 0.7710524256778049 0.0 1
0.2 0.0 0.32282400293660346 0.72955841201481 0.0 1
0.2 0.0 0.31359782100196754 0.6891533711759581 0.0 1
0.2 0.0 0.30310889132455354 0.6500000000000001 0.0 1
0.2 0.0 0.29139944912217 0.6122559552937228 0.0 1
0.2 0.0 0.2785166441857913 0.5760732190036335 0.0 1
0.2 0.0 0.2645123510239904 0.5415974862383006 0.0 1
0.2 0.0 0.24944295998260205 0.5089675786055753 0.0 1
0.2 0.0 0.23336915018070206 0.47831488522697174 0.0 1
0.2 0.0 0.21635564517721192 0.449762833680049 0.0 1
0.2 0.0 0.1984709523519698 0.4234263929991171 0.0 1
0.2 0.0 0.17978708705069218 0.3994116107355161 0.0 1
0.2 0.0 0.16037928260459366 0.3778151859415537 0.0 1
0.2 0.0 0.14032568739231474 0.3587240797975513 0.0 1
0.2 0.0 0.1197070501639841 0.3422151654498642 0.0 1
0.2 0.0 0.09860639489450038 0.3283549184698519 0.0 1
0.2 0.0 0.07710868647528928 0.3171991491802151 0.0 1
0.2 0.0 0.05530048859067246 0.30879277792652404 0.0 1
0.2 0.0 0.033269615156464004 0.3031696541988408 0.0 1
0.2 0.0 0.01110477672432368 0.30035242033177045 0.0 1
0.2 0.0 -0.011104776724323594 0.30035242033177045 0.0 1
0.2 0.0 -0.03326961515646392 0.3031696541988408 0.0 1
0.2 0.0 -0.05530048859067237 0.30879277792652393 0.0 1
0.2 0.0 -0.07710868647528919 0.3171991491802151 0.0 1
0.2 0.0 -0.09860639489450028 0.32835491846985176 0.0 1
0.2 0.0 -0.11970705016398402 0.3422151654498642 0.0 1
0.2 0.0 -0.14032568739231469 0.3587240797975513 0.0 1
0.2 0.0 -0.16037928260459358 0.3778151859415536 0.0 1
0.2 0.0 -0.17978708705069213 0.399411610735516 0.0 1
0.2 0.0 -0.1984709523519697 0.4234263929991171 0.0 1
0.2 0.0 -0.21635564517721184 0.4497628336800489 0.0 1
0.2 0.0 -0.233369150180702 0.47831488522697163 0.0 1
0.2 0.0 -0.24944295998260202 0.5089675786055752 0.0 1
0.2 0.0 -0.26451235102399034 0.5415974862383004 0.0 1
0.2 0.0 -0.2785166441857912 0.5760732190036334 0.0 1
0.2 0.0 -0.2913994491221699 0.6122559552937227 0.0 1
0.2 0.0 -0.30310889132455343 0.6499999999999997 0.0 1
0.2 0.0 -0.3135978210019676 0.6891533711759583 0.0 1
0.2 0.0 -0.32282400293660346 0.72955841201481 0.0 1
0.2 0.0 -0.3307502865501339 0.7710524256778046 0.0 1
0.2 0.0 -0.33734475549597964 0.8134683304169752 0.0 1
0.2 0.0 -0.34258085617517253 0.8566353323543666 0.0 1
0.2 0.0 -0.3464375046583264 0.9003796132087003 0.0 1
0.2 0.0 -0.3488991715831798 0.9445250302002478 0.0 1
0.2 0.0 -0.3499559446858563 0.9888938253156341 0.0 1
0.2 0.0 -0.3496035687140528 1.0333073410766196 0.0 1
0.2 0.0 -0.34784346256143894 1.0775867399307075 0.0 1
0.2 0.0 -0.3446827135542728 1.121553724366851 0.0 1
0.2 0.0 -0.3401340489132396 1.1650312548565986 0.0 1
0.2 0.0 -0.33421578450542583 1.2078442627297925 0.0 1
0.2 0.0 -0.32695175109278735 1.24982035511431 0.0 1
0.2 0.0 -0.31837119837408145 1.29079050910132 0.0 1
0.2 0.0 -0.30850867720665365 1.330589752340878 0.0 1
0.2 0.0 -0.29740390048233 1.3690578273273517 0.0 1
0.2 0.0 -0.2851015832176175 1.4060398366998386 0.0 1
0.2 0.0 -0.27165126250211497 1.4413868669591654 0.0 1
0.2 0.0 -0.2571070980301366 1.4749565880899926 0.0 1
0.2 0.0 -0.24152765401873919 1.506613826673549 0.0 1
0.2 0.0 -0.22497566339028885 1.5362311101832844 0.0 1
0.2 0.0 -0.20751777516912429 1.5636891802717408 0.0 1
0.2 0.0 -0.1892242861094591 1.5888774729818267 0.0 1
0.2 0.0 -0.17016885763516407 1.6116945639488494 0.0 1
0.2 0.0 -0.15042821923121016 1.6320485768006348 0.0 1
0.2 0.0 -0.1300818594811148 1.6498575531112505 0.0 1
0.2 0.0 -0.10921170599447047 1.6650497824186616 0.0 1
0.2 0.0 -0.08790179551337778 1.6775640909774494 0.0 1
0.2 0.0 -0.06623793552614371 1.6873500880838945 0.0 1
0.2 0.0 -0.04430735875081247 1.6943683689815567 0.0 1
0.2 0.0 -0.02219837187979758 1.6985906735303191 0.0 1
0.2 0.0 -8.572527594031472e-17 1.7 0.0 1
