0.1 0.0 0.0 1.7 0.0 1
0.1 0.0 0.018902544949155983 1.699886560266716 0.0 1
0.1 0.0 0.037798963327862194 1.6995462778342159 0.0 1
0.1 0.0 0.05668313055137321 1.6989792629926381 0.0 1
0.1 0.0 0.07554892600570867 1.6981856995191604 0.0 1
0.1 0.0 0.09439023503142704 1.697165844618437 0.0 1
0.1 0.0 0.11320095090546953 1.6959200288392329 0.0 1
0.1 0.0 0.13197497682043144 1.6944486559672907 0.0 1
0.1 0.0 0.15070622786062002 1.6927522028944557 0.0 1
0.1 0.0 0.16938863297425794 1.690831219464112 0.0 1
0.1 0.0 0.1880161369411932 1.6886863282929676 0.0 1
0.1 0.0 0.20658270233547799 1.6863182245692578 0.0 1
0.1 0.0 0.22508231148217986 1.6837276758274253 0.0 1
0.1 0.0 0.24350896840779185 1.6809155216993508 0.0 1
0.1 0.0 0.26185670078360834 1.6778826736422179 0.0 1
0.1 0.0 0.2801195618614377 1.6746301146430969 0.0 1
0.1 0.0 0.29829163240102374 1.6711588989003463 0.0 1
0.1 0.0 0.31636702258855154 1.6674701514819321 0.0 1
0.1 0.0 0.3343398739456157 1.6635650679607772 0.0 1
0.1 0.0 0.35220436122803256 1.6594449140272625 0.0 1
0.1 0.0 0.3699546943138804 1.6551110250789973 0.0 1
0.1 0.0 0.3875851200801565 1.6505648057879998 0.0 1
0.1 0.0 0.4050899242674421 1.6458077296454237 0.0 1
0.1 0.0 0.4224634333319708 1.6408413384839802 0.0 1
0.1 0.0 0.4397000162845013 1.6356672419782083 0.0 1
0.1 0.0 0.4567940865153968 1.6302871171227582 0.0 1
0.1 0.0 0.47374010360532093 1.6247027076888545 0.0 1
0.1 0.0 0.4905325751209626 1.6189158236591168 0.0 1
0.1 0.0 0.5071660583952077 1.6129283406409192 0.0 1
0.1 0.0 0.5236351622911813 1.6067421992584798 0.0 1
0.1 0.0 0.5399345489495883 1.6003594045238807 0.0 1
0.1 0.0 0.5560589355187847 1.5937820251872141 0.0 1
0.1 0.0 0.572003095867023 1.587012193066073 0.0 1
0.1 0.0 0.5877618622763106 1.580052102354601 0.0 1
0.1 0.0 0.6033301271173381 1.5729040089123236 0.0 1
0.1 0.0 0.6187028445049302 1.565570229532994 0.0 1
0.1 0.0 0.6338750319334863 1.5580531411936884 0.0 1
0.1 0.0 0.6488417718918771 1.5503551802843967 0.0 1
0.1 0.0 0.6635982134572768 1.5424788418183537 0.0 1
0.1 0.0 0.6781395738674127 1.5344266786233733 0.0 1
0.1 0.0 0.6924611400707237 1.5262013005144421 0.0 1
0.1 0.0 0.7065582702539229 1.5178053734478425 0.0 1
0.1 0.0 0.7204263953464733 1.50924161865708 0.0 1
0.1 0.0 0.7340610205014841 1.5005128117708963 0.0 1
0.1 0.0 0.7474577265525527 1.4916217819136481 0.0 1
0.1 0.0 0.7606121714460753 1.482571410788352 0.0 1
0.1 0.0 0.7735200916485655 1.4733646317426836 0.0 1
0.1 0.0 0.7861773035285231 1.4640044288182412 0.0 1
0.1 0.0 0.7985797047124062 1.4544938357833768 0.0 1
0.1 0.0 0.8107232754142649 1.4448359351499112 0.0 1
0.1 0.0 0.8226040797386092 1.4350338571740497 0.0 1
0.1 0.0 0.8342182669560854 1.4250907788418246 0.0 1
0.1 0.0 0.84556207275155 1.41500992283939 0.0 1
0.1 0.0 0.8566318204441349 1.4047945565085067 0.0 1
0.1 0.0 0.8674239221789092 1.3944479907875518 0.0 1
0.1 0.0 0.877934880089752 1.383973579138399 0.0 1
0.1 0.0 0.8881612874330574 1.3733747164595158 0.0 1
0.1 0.0 0.8980998296919072 1.3626548379856325 0.0 1
0.1 0.0 0.9077472856503498 1.351817418174334 0.0 1
0.1 0.0 0.9171005284374397 1.3408659695799434 0.0 1
0.1 0.0 0.9261565265406997 1.3298040417150536 0.0 1
0.1 0.0 0.9349123447886744 1.3186352199000835 0.0 1
0.1 0.0 0.9433651453022583 1.3073631241012267 0.0 1
0.1 0.0 0.9515121884144927 1.2959914077571717 0.0 1
0.1 0.0 0.9593508335585267 1.284523756594973 0.0 1
0.1 0.0 0.9668785401234619 1.272963887435457 0.0 1
0.1 0.0 0.9740928682777984 1.26131554698855 0.0 1
0.1 0.0 0.9809914797602171 1.2495825106389193 0.0 1
0.1 0.0 0.9875721386374423 1.2377685812223196 0.0 1
0.1 0.0 0.9938327120289369 1.2258775877930421 0.0 1
0.1 0.0 0.9997711707981991 1.2139133843828673 0.0 1
0.1 0.0 1.0053855902104318 1.2018798487519204 0.0 1
0.1 0.0 1.0106741505563763 1.1897808811318369 0.0 1
0.1 0.0 1.0156351377421031 1.177620402961645 0.0 1
0.1 0.0 1.0202669438445753 1.1654023556167736 0.0 1
0.1 0.0 1.0245680676327957 1.1531306991316004 0.0 1
0.1 0.0 1.0285371150543776 1.1408094109159497 0.0 1
0.1 0.0 1.0321727996873755 1.1284424844659615 0.0 1
0.1 0.0 1.0354739431572322 1.1160339280697442 0.0 1
0.1 0.0 1.0384394755187054 1.1035877635082354 0.0 1
0.1 0.0 1.041068435602652 1.091108024751687 0.0 1
0.1 0.0 1.0433599713275556 1.0785987566522015 0.0 1
0.1 0.0 1.0453133399756978 1.0660640136327417 0.0 1
0.1 0.0 1.046927908433883 1.053507858373036 0.0 1
0.1 0.0 1.048203153398639 1.0409343604928085 0.0 1
0.1 0.0 1.0491386615458265 1.028347595232763 0.0 1
0.1 0.0 1.0497341296646039 1.015751642133739 0.0 1
0.1 0.0 1.0499893647557008 1.0031505837144794 0.0 1
0.1 0.0 1.0499042840939725 0.9905485041484305 0.0 1
0.1 0.0 1.0494789152552122 0.9779494879400061 0.0 1
0.1 0.0 1.0487133961072128 0.9653576186007441 0.0 1
0.1 0.0 1.0476079747650828 0.9527769773257857 0.0 1
0.1 0.0 1.046163009510829 0.9402116416711044 0.0 1
0.1 0.0 1.044378968677231 0.9276656842319155 0.0 1
0.1 0.0 1.04225643049605 0.9151431713226923 0.0 1
0.1 0.0 1.0397960829106148 0.9026481616592191 0.0 1
0.1 0.0 1.036998723352851 0.890184705043106 0.0 1
0.1 0.0 1.033865258484822 0.8777568410491942 0.0 1
0.1 0.0 1.030396703904867 0.8653685977162741 0.0 1
0.1 0.0 1.0265941838184334 0.8530239902415447 0.0 1
0.1 0.0 1.0224589306737046 0.8407270196792327 0.0 1
0.1 0.0 1.0179922847621494 0.8284816716437978 0.0 1
0.1 0.0 1.0131956937841127 0.81629191501814 0.0 1
0.1 0.0 1.0080707123795982 0.8041617006672321 0.0 1
0.1 0.0 1.0026190016243872 0.7920949601575901 0.0 1
0.1 0.0 0.9968423284916632 0.7800956044829999 0.0 1
0.1 0.0 0.9907425652793098 0.7681675227969107 0.0 1
0.1 0.0 0.9843216890030758 0.7563145811519087 0.0 1
0.1 0.0 0.9775817807557958 0.7445406212466761 0.0 1
0.1 0.0 0.9705250250328811 0.7328494591808454 0.0 1
0.1 0.0 0.9631537090242946 0.7212448842181494 0.0 1
0.1 0.0 0.9554702218732422 0.7097306575582701 0.0 1
0.1 0.0 0.9474770539018181 0.6983105111177824 0.0 1
0.1 0.0 0.9391767958038592 0.68698814632059 0.0 1
0.1 0.0 0.9305721378052649 0.6757672328982438 0.0 1
0.1 0.0 0.9216658687920588 0.6646514077005314 0.0 1
0.1 0.0 0.9124608754064737 0.6536442735167265 0.0 1
0.1 0.0 0.9029601411113514 0.6427493979078749 0.0 1
0.1 0.0 0.8931667452231612 0.6319703120504998 0.0 1
0.1 0.0 0.8830838619139533 0.6213105095921007 0.0 1
0.1 0.0 0.8727147591825659 0.6107734455188137 0.0 1
0.1 0.0 0.8620627977954228 0.6003625350356052 0.0 1
0.1 0.0 0.8511314301972626 0.5900811524593559 0.0 1
0.1 0.0 0.8399241993921561 0.579932630125201 0.0 1
0.1 0.0 0.8284447377951706 0.5699202573064743 0.0 1
0.1 0.0 0.8166967660550541 0.5600472791486107 0.0 1
0.1 0.0 0.8046840918483226 0.5503168956173494 0.0 1
0.1 0.0 0.7924106086451422 0.5407322604615837 0.0 1
0.1 0.0 0.7798802944474019 0.5312964801911869 0.0 1
0.1 0.0 0.767097210499389 0.5220126130701515 0.0 1
0.1 0.0 0.7540654999714846 0.5128836681253625 0.0 1
0.1 0.0 0.740789386617308 0.5039126041713338 0.0 1
0.1 0.0 0.7272731734047386 0.49510232885121463 0.0 1
0.1 0.0 0.7135212411212678 0.48645569769438357 0.0 1
0.1 0.0 0.6995380469541248 0.47797551319093234 0.0 1
0.1 0.0 0.6853281230456435 0.469664523883342 0.0 1
0.1 0.0 0.6708960750243328 0.4615254234756422 0.0 1
0.1 0.0 0.656246580512131 0.4535608499603456 0.0 1
0.1 0.0 0.641384387608324 0.4457733847634384 0.0 1
0.1 0.0 0.6263143133506232 0.43816555190770645 0.0 1
0.1 0.0 0.6110412421538984 0.4307398171946639 0.0 1
0.1 0.0 0.595570124227073 0.4234985874053546 0.0 1
0.1 0.0 0.5799059739686924 0.41644420952028094 0.0 1
0.1 0.0 0.5640538683416925 0.4095789699587167 0.0 1
0.1 0.0 0.5480189452278854 0.40290509383764694 0.0 1
0.1 0.0 0.5318064017627042 0.39642474425057805 0.0 1
0.1 0.0 0.5154214926507378 0.3901400215664491 0.0 1
0.1 0.0 0.498869528462614 0.38405296274887435 0.0 1
0.1 0.0 0.4821558739137694 0.3781655406959362 0.0 1
0.1 0.0 0.4652859461256737 0.3724796636007416 0.0 1
0.1 0.0 0.4482652128700655 0.36699717433295065 0.0 1
0.1 0.0 0.43109919079677594 0.36171984984147887 0.0 1
0.1 0.0 0.4137934436457067 0.3566494005785623 0.0 1
0.1 0.0 0.39635358044354707 0.35178746994537846 0.0 1
0.1 0.0 0.37878525368581095 0.3471356337593966 0.0 1
0.1 0.0 0.361094157504789 0.3426953997436343 0.0 1
0.1 0.0 0.34328602582400225 0.3384682070379845 0.0 1
0.1 0.0 0.32536663049976 0.33445542573277043 0.0 1
0.1 0.0 0.3073417794504219 0.33065835642468033 0.0 1
0.1 0.0 0.2892173147739757 0.3270782297952274 0.0 1
0.1 0.0 0.2709991108545322 0.3237162062118686 0.0 1
0.1 0.0 0.2526930724583591 0.3205733753519142 0.0 1
0.1 0.0 0.2343051328200645 0.31765075584934865 0.0 1
0.1 0.0 0.215841251719558 0.31494929496467705 0.0 1
0.1 0.0 0.19730741355040374 0.312469868277906 0.0 1
0.1 0.0 0.1787096253801982 0.3102132794047556 0.0 1
0.1 0.0 0.16005391500359678 0.3081802597361968 0.0 1
0.1 0.0 0.14134632898862667 0.30637146820139827 0.0 1
0.1 0.0 0.12259293071691044 0.3047874910541578 0.0 1
0.1 0.0 0.10379979841844321 0.3034288416828901 0.0 1
0.1 0.0 0.08497302320155403 0.30229596044423024 0.0 1
0.1 0.0 0.06611870707869827 0.3013892145203084 0.0 1
0.1 0.0 0.04724296098871084 0.3007088977997411 0.0 1
0.1 0.0 0.028351902816169294 0.3002552307823778 0.0 1
0.1 0.0 0.009451655408502834 0.3000283605078342 0.0 1
0.1 0.0 -0.009451655408502575 0.3000283605078342 0.0 1
0.1 0.0 -0.028351902816169037 0.3002552307823778 0.0 1
0.1 0.0 -0.04724296098871058 0.3007088977997411 0.0 1
0.1 0.0 -0.06611870707869802 0.3013892145203084 0.0 1
0.1 0.0 -0.08497302320155378 0.30229596044423024 0.0 1
0.1 0.0 -0.10379979841844295 0.3034288416828901 0.0 1
0.1 0.0 -0.12259293071691019 0.3047874910541578 0.0 1
0.1 0.0 -0.1413463289886264 0.30637146820139816 0.0 1
0.1 0.0 -0.16005391500359653 0.3081802597361968 0.0 1
0.1 0.0 -0.17870962538019794 0.3102132794047555 0.0 1
0.1 0.0 -0.19730741355040346 0.312469868277906 0.0 1
0.1 0.0 -0.21584125171955776 0.31494929496467705 0.0 1
0.1 0.0 -0.23430513282006424 0.31765075584934854 0.0 1
0.1 0.0 -0.2526930724583588 0.3205733753519142 0.0 1
0.1 0.0 -0.27099911085453193 0.3237162062118685 0.0 1
0.1 0.0 -0.28921731477397544 0.32707822979522727 0.0 1
0.1 0.0 -0.3073417794504217 0.33065835642468033 0.0 1
0.1 0.0 -0.3253666304997598 0.33445542573277043 0.0 1
0.1 0.0 -0.343286025824002 0.3384682070379845 0.0 1
0.1 0.0 -0.3610941575047888 0.3426953997436343 0.0 1
0.1 0.0 -0.3787852536858107 0.3471356337593965 0.0 1
0.1 0.0 -0.39635358044354685 0.35178746994537846 0.0 1
0.1 0.0 -0.41379344364570647 0.3566494005785622 0.0 1
0.1 0.0 -0.4310991907967757 0.36171984984147876 0.0 1
0.1 0.0 -0.44826521287006527 0.36699717433295065 0.0 1
0.1 0.0 -0.4652859461256735 0.3724796636007416 0.0 1
0.1 0.0 -0.4821558739137692 0.3781655406959361 0.0 1
0.1 0.0 -0.4988695284626138 0.38405296274887435 0.0 1
0.1 0.0 -0.5154214926507376 0.390140021566449 0.0 1
0.1 0.0 -0.5318064017627039 0.39642474425057805 0.0 1
0.1 0.0 -0.5480189452278853 0.40290509383764694 0.0 1
0.1 0.0 -0.5640538683416921 0.40957896995871657 0.0 1
0.1 0.0 -0.5799059739686921 0.41644420952028083 0.0 1
0.1 0.0 -0.5955701242270729 0.4234985874053545 0.0 1
0.1 0.0 -0.6110412421538982 0.4307398171946638 0.0 1
0.1 0.0 -0.6263143133506229 0.43816555190770634 0.0 1
0.1 0.0 -0.6413843876083236 0.4457733847634384 0.0 1
0.1 0.0 -0.6562465805121309 0.4535608499603455 0.0 1
0.1 0.0 -0.6708960750243326 0.46152542347564207 0.0 1
0.1 0.0 -0.6853281230456433 0.4696645238833419 0.0 1
0.1 0.0 -0.6995380469541247 0.47797551319093223 0.0 1
0.1 0.0 -0.7135212411212677 0.48645569769438346 0.0 1
0.1 0.0 -0.7272731734047384 0.4951023288512144 0.0 1
0.1 0.0 -0.7407893866173078 0.5039126041713338 0.0 1
0.1 0.0 -0.7540654999714845 0.5128836681253623 0.0 1
0.1 0.0 -0.7670972104993888 0.5220126130701512 0.0 1
0.1 0.0 -0.7798802944474017 0.5312964801911868 0.0 1
0.1 0.0 -0.7924106086451421 0.5407322604615836 0.0 1
0.1 0.0 -0.8046840918483225 0.5503168956173493 0.0 1
0.1 0.0 -0.8166967660550538 0.5600472791486106 0.0 1
0.1 0.0 -0.8284447377951707 0.5699202573064746 0.0 1
0.1 0.0 -0.8399241993921563 0.5799326301252011 0.0 1
0.1 0.0 -0.8511314301972621 0.5900811524593554 0.0 1
0.1 0.0 -0.8620627977954224 0.6003625350356048 0.0 1
0.1 0.0 -0.8727147591825658 0.6107734455188136 0.0 1
0.1 0.0 -0.8830838619139532 0.6213105095921005 0.0 1
0.1 0.0 -0.8931667452231611 0.6319703120504998 0.0 1
0.1 0.0 -0.9029601411113513 0.6427493979078749 0.0 1
0.1 0.0 -0.9124608754064737 0.6536442735167266 0.0 1
0.1 0.0 -0.9216658687920584 0.664651407700531 0.0 1
0.1 0.0 -0.9305721378052646 0.6757672328982434 0.0 1
0.1 0.0 -0.939176795803859 0.6869881463205898 0.0 1
0.1 0.0 -0.947477053901818 0.6983105111177823 0.0 1
0.1 0.0 -0.955470221873242 0.70973065755827 0.0 1
0.1 0.0 -0.9631537090242945 0.7212448842181494 0.0 1
0.1 0.0 -0.9705250250328811 0.7328494591808454 0.0 1
0.1 0.0 -0.9775817807557959 0.7445406212466763 0.0 1
0.1 0.0 -0.9843216890030756 0.7563145811519083 0.0 1
0.1 0.0 -0.9907425652793097 0.7681675227969105 0.0 1
0.1 0.0 -0.996842328491663 0.7800956044829996 0.0 1
0.1 0.0 -1.0026190016243872 0.79209496015759 0.0 1
0.1 0.0 -1.008070712379598 0.804161700667232 0.0 1
0.1 0.0 -1.0131956937841127 0.81629191501814 0.0 1
0.1 0.0 -1.0179922847621494 0.8284816716437978 0.0 1
0.1 0.0 -1.0224589306737049 0.8407270196792329 0.0 1
0.1 0.0 -1.0265941838184331 0.8530239902415442 0.0 1
0.1 0.0 -1.030396703904867 0.8653685977162737 0.0 1
0.1 0.0 -1.0338652584848218 0.8777568410491938 0.0 1
0.1 0.0 -1.036998723352851 0.8901847050431058 0.0 1
0.1 0.0 -1.0397960829106148 0.9026481616592189 0.0 1
0.1 0.0 -1.04225643049605 0.9151431713226923 0.0 1
0.1 0.0 -1.044378968677231 0.9276656842319155 0.0 1
0.1 0.0 -1.046163009510829 0.9402116416711045 0.0 1
0.1 0.0 -1.0476079747650828 0.9527769773257853 0.0 1
0.1 0.0 -1.0487133961072128 0.9653576186007438 0.0 1
0.1 0.0 -1.0494789152552122 0.9779494879400058 0.0 1
0.1 0.0 -1.0499042840939725 0.9905485041484304 0.0 1
0.1 0.0 -1.0499893647557008 1.0031505837144794 0.0 1
0.1 0.0 -1.0497341296646039 1.015751642133739 0.0 1
0.1 0.0 -1.0491386615458265 1.028347595232763 0.0 1
0.1 0.0 -1.048203153398639 1.0409343604928087 0.0 1
0.1 0.0 -1.046927908433883 1.0535078583730353 0.0 1
0.1 0.0 -1.0453133399756978 1.0660640136327415 0.0 1
0.1 0.0 -1.0433599713275556 1.0785987566522013 0.0 1
0.1 0.0 -1.041068435602652 1.0911080247516867 0.0 1
0.1 0.0 -1.0384394755187054 1.1035877635082352 0.0 1
0.1 0.0 -1.0354739431572322 1.1160339280697442 0.0 1
0.1 0.0 -1.0321727996873755 1.1284424844659615 0.0 1
0.1 0.0 -1.0285371150543774 1.14080941091595 0.0 1
0.1 0.0 -1.0245680676327957 1.1531306991316 0.0 1
0.1 0.0 -1.0202669438445755 1.1654023556167734 0.0 1
0.1 0.0 -1.0156351377421033 1.1776204029616446 0.0 1
0.1 0.0 -1.0106741505563763 1.1897808811318367 0.0 1
0.1 0.0 -1.0053855902104318 1.2018798487519202 0.0 1
0.1 0.0 -0.9997711707981992 1.2139133843828673 0.0 1
0.1 0.0 -0.993832712028937 1.2258775877930421 0.0 1
0.1 0.0 -0.9875721386374422 1.2377685812223196 0.0 1
0.1 0.0 -0.9809914797602174 1.249582510638919 0.0 1
0.1 0.0 -0.9740928682777985 1.2613155469885498 0.0 1
0.1 0.0 -0.966878540123462 1.2729638874354567 0.0 1
0.1 0.0 -0.9593508335585268 1.2845237565949728 0.0 1
0.1 0.0 -0.9515121884144928 1.2959914077571715 0.0 1
0.1 0.0 -0.9433651453022583 1.3073631241012267 0.0 1
0.1 0.0 -0.9349123447886744 1.3186352199000835 0.0 1
0.1 0.0 -0.9261565265406996 1.3298040417150536 0.0 1
0.1 0.0 -0.91710052843744 1.340865969579943 0.0 1
0.1 0.0 -0.90774728565035 1.3518174181743339 0.0 1
0.1 0.0 -0.8980998296919074 1.3626548379856323 0.0 1
0.1 0.0 -0.8881612874330577 1.3733747164595156 0.0 1
0.1 0.0 -0.8779348800897521 1.3839735791383987 0.0 1
0.1 0.0 -0.8674239221789092 1.3944479907875518 0.0 1
0.1 0.0 -0.8566318204441349 1.404794556508507 0.0 1
0.1 0.0 -0.8455620727515499 1.4150099228393902 0.0 1
0.1 0.0 -0.8342182669560857 1.4250907788418243 0.0 1
0.1 0.0 -0.8226040797386094 1.4350338571740493 0.0 1
0.1 0.0 -0.8107232754142651 1.444835935149911 0.0 1
0.1 0.0 -0.7985797047124064 1.4544938357833765 0.0 1
0.1 0.0 -0.7861773035285232 1.464004428818241 0.0 1
0.1 0.0 -0.7735200916485655 1.4733646317426836 0.0 1
0.1 0.0 -0.7606121714460753 1.482571410788352 0.0 1
0.1 0.0 -0.7474577265525526 1.4916217819136484 0.0 1
0.1 0.0 -0.7340610205014847 1.500512811770896 0.0 1
0.1 0.0 -0.7204263953464737 1.5092416186570798 0.0 1
0.1 0.0 -0.7065582702539233 1.5178053734478423 0.0 1
0.1 0.0 -0.692461140070724 1.5262013005144421 0.0 1
0.1 0.0 -0.6781395738674129 1.5344266786233733 0.0 1
0.1 0.0 -0.6635982134572768 1.5424788418183537 0.0 1
0.1 0.0 -0.648841771891877 1.5503551802843967 0.0 1
0.1 0.0 -0.6338750319334862 1.5580531411936887 0.0 1
0.1 0.0 -0.6187028445049306 1.5655702295329939 0.0 1
0.1 0.0 -0.6033301271173385 1.5729040089123234 0.0 1
0.1 0.0 -0.5877618622763109 1.5800521023546008 0.0 1
0.1 0.0 -0.5720030958670232 1.587012193066073 0.0 1
0.1 0.0 -0.5560589355187848 1.593782025187214 0.0 1
0.1 0.0 -0.5399345489495883 1.6003594045238807 0.0 1
0.1 0.0 -0.5236351622911812 1.60674219925848 0.0 1
0.1 0.0 -0.5071660583952075 1.6129283406409192 0.0 1
0.1 0.0 -0.4905325751209631 1.6189158236591168 0.0 1
0.1 0.0 -0.4737401036053214 1.6247027076888543 0.0 1
0.1 0.0 -0.4567940865153971 1.6302871171227578 0.0 1
0.1 0.0 -0.4397000162845015 1.6356672419782081 0.0 1
0.1 0.0 -0.4224634333319709 1.64084133848398 0.0 1
0.1 0.0 -0.4050899242674421 1.6458077296454237 0.0 1
0.1 0.0 -0.38758512008015644 1.650564805788 0.0 1
0.1 0.0 -0.3699546943138802 1.6551110250789973 0.0 1
0.1 0.0 -0.35220436122803306 1.6594449140272625 0.0 1
0.1 0.0 -0.33433987394561615 1.6635650679607772 0.0 1
0.1 0.0 -0.3163670225885519 1.667470151481932 0.0 1
0.1 0.0 -0.2982916324010241 1.6711588989003463 0.0 1
0.1 0.0 -0.2801195618614379 1.6746301146430969 0.0 1
0.1 0.0 -0.2618567007836084 1.6778826736422179 0.0 1
0.1 0.0 -0.24350896840779176 1.680915521699351 0.0 1
0.1 0.0 -0.22508231148217964 1.6837276758274253 0.0 1
0.1 0.0 -0.20658270233547857 1.6863182245692578 0.0 1
0.1 0.0 -0.1880161369411937 1.6886863282929674 0.0 1
0.1 0.0 -0.1693886329742583 1.690831219464112 0.0 1
0.1 0.0 -0.15070622786062027 1.6927522028944557 0.0 1
0.1 0.0 -0.13197497682043158 1.6944486559672907 0.0 1
0.1 0.0 -0.11320095090546954 1.6959200288392329 0.0 1
0.1 0.0 -0.09439023503142696 1.697165844618437 0.0 1
0.1 0.0 -0.07554892600570845 1.6981856995191604 0.0 1
0.1 0.0 -0.05668313055137381 1.698979262992638 0.0 1
0.1 0.0 -0.03779896332786269 1.6995462778342159 0.0 1
0.1 0.0 -0.018902544949156358 1.699886560266716 0.0 1
0.1 0.0 -2.5717582782094415e-16 1.7 0.0 1
7.0 0.0 0.0 1.7 0.0 0
0.1 0.0 0.0 1.7 0.0 1
0.1 0.0 0.018902544949155983 1.699886560266716 0.0 1
0.1 0.0 0.037798963327862194 1.6995462778342159 0.0 1
0.1 0.0 0.05668313055137321 1.6989792629926381 0.0 1
0.1 0.0 0.07554892600570867 1.6981856995191604 0.0 1
0.1 0.0 0.09439023503142704 1.697165844618437 0.0 1
0.1 0.0 0.11320095090546953 1.6959200288392329 0.0 1
0.1 0.0 0.13197497682043144 1.6944486559672907 0.0 1
0.1 0.0 0.15070622786062002 1.6927522028944557 0.0 1
0.1 0.0 0.16938863297425794 1.690831219464112 0.0 1
0.1 0.0 0.1880161369411932 1.6886863282929676 0.0 1
0.1 0.0 0.20658270233547799 1.6863182245692578 0.0 1
0.1 0.0 0.22508231148217986 1.6837276758274253 0.0 1
0.1 0.0 0.24350896840779185 1.6809155216993508 0.0 1
0.1 0.0 0.26185670078360834 1.6778826736422179 0.0 1
0.1 0.0 0.2801195618614377 1.6746301146430969 0.0 1
0.1 0.0 0.29829163240102374 1.6711588989003463 0.0 1
0.1 0.0 0.31636702258855154 1.6674701514819321 0.0 1
0.1 0.0 0.3343398739456157 1.6635650679607772 0.0 1
0.1 0.0 0.35220436122803256 1.6594449140272625 0.0 1
0.1 0.0 0.3699546943138804 1.6551110250789973 0.0 1
0.1 0.0 0.3875851200801565 1.6505648057879998 0.0 1
0.1 0.0 0.4050899242674421 1.6458077296454237 0.0 1
0.1 0.0 0.4224634333319708 1.6408413384839802 0.0 1
0.1 0.0 0.4397000162845013 1.6356672419782083 0.0 1
0.1 0.0 0.4567940865153968 1.6302871171227582 0.0 1
0.1 0.0 0.47374010360532093 1.6247027076888545 0.0 1
0.1 0.0 0.4905325751209626 1.6189158236591168 0.0 1
0.1 0.0 0.5071660583952077 1.6129283406409192 0.0 1
0.1 0.0 0.5236351622911813 1.6067421992584798 0.0 1
0.1 0.0 0.5399345489495883 1.6003594045238807 0.0 1
0.1 0.0 0.5560589355187847 1.5937820251872141 0.0 1
0.1 0.0 0.572003095867023 1.587012193066073 0.0 1
0.1 0.0 0.5877618622763106 1.580052102354601 0.0 1
0.1 0.0 0.6033301271173381 1.5729040089123236 0.0 1
0.1 0.0 0.6187028445049302 1.565570229532994 0.0 1
0.1 0.0 0.6338750319334863 1.5580531411936884 0.0 1
0.1 0.0 0.6488417718918771 1.5503551802843967 0.0 1
0.1 0.0 0.6635982134572768 1.5424788418183537 0.0 1
0.1 0.0 0.6781395738674127 1.5344266786233733 0.0 1
0.1 0.0 0.6924611400707237 1.5262013005144421 0.0 1
0.1 0.0 0.7065582702539229 1.5178053734478425 0.0 1
0.1 0.0 0.7204263953464733 1.50924161865708 0.0 1
0.1 0.0 0.7340610205014841 1.5005128117708963 0.0 1
0.1 0.0 0.7474577265525527 1.4916217819136481 0.0 1
0.1 0.0 0.7606121714460753 1.482571410788352 0.0 1
0.1 0.0 0.7735200916485655 1.4733646317426836 0.0 1
0.1 0.0 0.7861773035285231 1.4640044288182412 0.0 1
0.1 0.0 0.7985797047124062 1.4544938357833768 0.0 1
0.1 0.0 0.8107232754142649 1.4448359351499112 0.0 1
0.1 0.0 0.8226040797386092 1.4350338571740497 0.0 1
0.1 0.0 0.8342182669560854 1.4250907788418246 0.0 1
0.1 0.0 0.84556207275155 1.41500992283939 0.0 1
0.1 0.0 0.8566318204441349 1.4047945565085067 0.0 1
0.1 0.0 0.8674239221789092 1.3944479907875518 0.0 1
0.1 0.0 0.877934880089752 1.383973579138399 0.0 1
0.1 0.0 0.8881612874330574 1.3733747164595158 0.0 1
0.1 0.0 0.8980998296919072 1.3626548379856325 0.0 1
0.1 0.0 0.9077472856503498 1.351817418174334 0.0 1
0.1 0.0 0.9171005284374397 1.3408659695799434 0.0 1
0.1 0.0 0.9261565265406997 1.3298040417150536 0.0 1
0.1 0.0 0.9349123447886744 1.3186352199000835 0.0 1
0.1 0.0 0.9433651453022583 1.3073631241012267 0.0 1
0.1 0.0 0.9515121884144927 1.2959914077571717 0.0 1
0.1 0.0 0.9593508335585267 1.284523756594973 0.0 1
0.1 0.0 0.9668785401234619 1.272963887435457 0.0 1
0.1 0.0 0.9740928682777984 1.26131554698855 0.0 1
0.1 0.0 0.9809914797602171 1.2495825106389193 0.0 1
0.1 0.0 0.9875721386374423 1.2377685812223196 0.0 1
0.1 0.0 0.9938327120289369 1.2258775877930421 0.0 1
0.1 0.0 0.9997711707981991 1.2139133843828673 0.0 1
0.1 0.0 1.0053855902104318 1.2018798487519204 0.0 1
0.1 0.0 1.0106741505563763 1.1897808811318369 0.0 1
0.1 0.0 1.0156351377421031 1.177620402961645 0.0 1
0.1 0.0 1.0202669438445753 1.1654023556167736 0.0 1
0.1 0.0 1.0245680676327957 1.1531306991316004 0.0 1
0.1 0.0 1.0285371150543776 1.1408094109159497 0.0 1
0.1 0.0 1.0321727996873755 1.1284424844659615 0.0 1
0.1 0.0 1.0354739431572322 1.1160339280697442 0.0 1
0.1 0.0 1.0384394755187054 1.1035877635082354 0.0 1
0.1 0.0 1.041068435602652 1.091108024751687 0.0 1
0.1 0.0 1.0433599713275556 1.0785987566522015 0.0 1
0.1 0.0 1.0453133399756978 1.0660640136327417 0.0 1
0.1 0.0 1.046927908433883 1.053507858373036 0.0 1
0.1 0.0 1.048203153398639 1.0409343604928085 0.0 1
0.1 0.0 1.0491386615458265 1.028347595232763 0.0 1
0.1 0.0 1.0497341296646039 1.015751642133739 0.0 1
0.1 0.0 1.0499893647557008 1.0031505837144794 0.0 1
0.1 0.0 1.0499042840939725 0.9905485041484305 0.0 1
0.1 0.0 1.0494789152552122 0.9779494879400061 0.0 1
0.1 0.0 1.0487133961072128 0.9653576186007441 0.0 1
0.1 0.0 1.0476079747650828 0.9527769773257857 0.0 1
0.1 0.0 1.046163009510829 0.9402116416711044 0.0 1
0.1 0.0 1.044378968677231 0.9276656842319155 0.0 1
0.1 0.0 1.04225643049605 0.9151431713226923 0.0 1
0.1 0.0 1.0397960829106148 0.9026481616592191 0.0 1
0.1 0.0 1.036998723352851 0.890184705043106 0.0 1
0.1 0.0 1.033865258484822 0.8777568410491942 0.0 1
0.1 0.0 1.030396703904867 0.8653685977162741 0.0 1
0.1 0.0 1.0265941838184334 0.8530239902415447 0.0 1
0.1 0.0 1.0224589306737046 0.8407270196792327 0.0 1
0.1 0.0 1.0179922847621494 0.8284816716437978 0.0 1
0.1 0.0 1.0131956937841127 0.81629191501814 0.0 1
0.1 0.0 1.0080707123795982 0.8041617006672321 0.0 1
0.1 0.0 1.0026190016243872 0.7920949601575901 0.0 1
0.1 0.0 0.9968423284916632 0.7800956044829999 0.0 1
0.1 0.0 0.9907425652793098 0.7681675227969107 0.0 1
0.1 0.0 0.9843216890030758 0.7563145811519087 0.0 1
0.1 0.0 0.9775817807557958 0.7445406212466761 0.0 1
0.1 0.0 0.9705250250328811 0.7328494591808454 0.0 1
0.1 0.0 0.9631537090242946 0.7212448842181494 0.0 1
0.1 0.0 0.9554702218732422 0.7097306575582701 0.0 1
0.1 0.0 0.9474770539018181 0.6983105111177824 0.0 1
0.1 0.0 0.9391767958038592 0.68698814632059 0.0 1
0.1 0.0 0.9305721378052649 0.6757672328982438 0.0 1
0.1 0.0 0.9216658687920588 0.6646514077005314 0.0 1
0.1 0.0 0.9124608754064737 0.6536442735167265 0.0 1
0.1 0.0 0.9029601411113514 0.6427493979078749 0.0 1
0.1 0.0 0.8931667452231612 0.6319703120504998 0.0 1
0.1 0.0 0.8830838619139533 0.6213105095921007 0.0 1
0.1 0.0 0.8727147591825659 0.6107734455188137 0.0 1
0.1 0.0 0.8620627977954228 0.6003625350356052 0.0 1
0.1 0.0 0.8511314301972626 0.5900811524593559 0.0 1
0.1 0.0 0.8399241993921561 0.579932630125201 0.0 1
0.1 0.0 0.8284447377951706 0.5699202573064743 0.0 1
0.1 0.0 0.8166967660550541 0.5600472791486107 0.0 1
0.1 0.0 0.8046840918483226 0.5503168956173494 0.0 1
0.1 0.0 0.7924106086451422 0.5407322604615837 0.0 1
0.1 0.0 0.7798802944474019 0.5312964801911869 0.0 1
0.1 0.0 0.767097210499389 0.5220126130701515 0.0 1
0.1 0.0 0.7540654999714846 0.5128836681253625 0.0 1
0.1 0.0 0.740789386617308 0.5039126041713338 0.0 1
0.1 0.0 0.7272731734047386 0.49510232885121463 0.0 1
0.1 0.0 0.7135212411212678 0.48645569769438357 0.0 1
0.1 0.0 0.6995380469541248 0.47797551319093234 0.0 1
0.1 0.0 0.6853281230456435 0.469664523883342 0.0 1
0.1 0.0 0.6708960750243328 0.4615254234756422 0.0 1
0.1 0.0 0.656246580512131 0.4535608499603456 0.0 1
0.1 0.0 0.641384387608324 0.4457733847634384 0.0 1
0.1 0.0 0.6263143133506232 0.43816555190770645 0.0 1
0.1 0.0 0.6110412421538984 0.4307398171946639 0.0 1
0.1 0.0 0.595570124227073 0.4234985874053546 0.0 1
0.1 0.0 0.5799059739686924 0.41644420952028094 0.0 1
0.1 0.0 0.5640538683416925 0.4095789699587167 0.0 1
0.1 0.0 0.5480189452278854 0.40290509383764694 0.0 1
0.1 0.0 0.5318064017627042 0.39642474425057805 0.0 1
0.1 0.0 0.5154214926507378 0.3901400215664491 0.0 1
0.1 0.0 0.498869528462614 0.38405296274887435 0.0 1
0.1 0.0 0.4821558739137694 0.3781655406959362 0.0 1
0.1 0.0 0.4652859461256737 0.3724796636007416 0.0 1
0.1 0.0 0.4482652128700655 0.36699717433295065 0.0 1
0.1 0.0 0.43109919079677594 0.36171984984147887 0.0 1
0.1 0.0 0.4137934436457067 0.3566494005785623 0.0 1
0.1 0.0 0.39635358044354707 0.35178746994537846 0.0 1
0.1 0.0 0.37878525368581095 0.3471356337593966 0.0 1
0.1 0.0 0.361094157504789 0.3426953997436343 0.0 1
0.1 0.0 0.34328602582400225 0.3384682070379845 0.0 1
0.1 0.0 0.32536663049976 0.33445542573277043 0.0 1
0.1 0.0 0.3073417794504219 0.33065835642468033 0.0 1
0.1 0.0 0.2892173147739757 0.3270782297952274 0.0 1
0.1 0.0 0.2709991108545322 0.3237162062118686 0.0 1
0.1 0.0 0.2526930724583591 0.3205733753519142 0.0 1
0.1 0.0 0.2343051328200645 0.31765075584934865 0.0 1
0.1 0.0 0.215841251719558 0.31494929496467705 0.0 1
0.1 0.0 0.19730741355040374 0.312469868277906 0.0 1
0.1 0.0 0.1787096253801982 0.3102132794047556 0.0 1
0.1 0.0 0.16005391500359678 0.3081802597361968 0.0 1
0.1 0.0 0.14134632898862667 0.30637146820139827 0.0 1
0.1 0.0 0.12259293071691044 0.3047874910541578 0.0 1
0.1 0.0 0.10379979841844321 0.3034288416828901 0.0 1
0.1 0.0 0.08497302320155403 0.30229596044423024 0.0 1
0.1 0.0 0.06611870707869827 0.3013892145203084 0.0 1
0.1 0.0 0.04724296098871084 0.3007088977997411 0.0 1
0.1 0.0 0.028351902816169294 0.3002552307823778 0.0 1
0.1 0.0 0.009451655408502834 0.3000283605078342 0.0 1
0.1 0.0 -0.009451655408502575 0.3000283605078342 0.0 1
0.1 0.0 -0.028351902816169037 0.3002552307823778 0.0 1
0.1 0.0 -0.04724296098871058 0.3007088977997411 0.0 1
0.1 0.0 -0.06611870707869802 0.3013892145203084 0.0 1
0.1 0.0 -0.08497302320155378 0.30229596044423024 0.0 1
0.1 0.0 -0.10379979841844295 0.3034288416828901 0.0 1
0.1 0.0 -0.12259293071691019 0.3047874910541578 0.0 1
0.1 0.0 -0.1413463289886264 0.30637146820139816 0.0 1
0.1 0.0 -0.16005391500359653 0.3081802597361968 0.0 1
0.1 0.0 -0.17870962538019794 0.3102132794047555 0.0 1
0.1 0.0 -0.19730741355040346 0.312469868277906 0.0 1
0.1 0.0 -0.21584125171955776 0.31494929496467705 0.0 1
0.1 0.0 -0.23430513282006424 0.31765075584934854 0.0 1
0.1 0.0 -0.2526930724583588 0.3205733753519142 0.0 1
0.1 0.0 -0.27099911085453193 0.3237162062118685 0.0 1
0.1 0.0 -0.28921731477397544 0.32707822979522727 0.0 1
0.1 0.0 -0.3073417794504217 0.33065835642468033 0.0 1
0.1 0.0 -0.3253666304997598 0.33445542573277043 0.0 1
0.1 0.0 -0.343286025824002 0.3384682070379845 0.0 1
0.1 0.0 -0.3610941575047888 0.3426953997436343 0.0 1
0.1 0.0 -0.3787852536858107 0.3471356337593965 0.0 1
0.1 0.0 -0.39635358044354685 0.35178746994537846 0.0 1
0.1 0.0 -0.41379344364570647 0.3566494005785622 0.0 1
0.1 0.0 -0.4310991907967757 0.36171984984147876 0.0 1
0.1 0.0 -0.44826521287006527 0.36699717433295065 0.0 1
0.1 0.0 -0.4652859461256735 0.3724796636007416 0.0 1
0.1 0.0 -0.4821558739137692 0.3781655406959361 0.0 1
0.1 0.0 -0.4988695284626138 0.38405296274887435 0.0 1
0.1 0.0 -0.5154214926507376 0.390140021566449 0.0 1
0.1 0.0 -0.5318064017627039 0.39642474425057805 0.0 1
0.1 0.0 -0.5480189452278853 0.40290509383764694 0.0 1
0.1 0.0 -0.5640538683416921 0.40957896995871657 0.0 1
0.1 0.0 -0.5799059739686921 0.41644420952028083 0.0 1
0.1 0.0 -0.5955701242270729 0.4234985874053545 0.0 1
0.1 0.0 -0.6110412421538982 0.4307398171946638 0.0 1
0.1 0.0 -0.6263143133506229 0.43816555190770634 0.0 1
0.1 0.0 -0.6413843876083236 0.4457733847634384 0.0 1
0.1 0.0 -0.6562465805121309 0.4535608499603455 0.0 1
0.1 0.0 -0.6708960750243326 0.46152542347564207 0.0 1
0.1 0.0 -0.6853281230456433 0.4696645238833419 0.0 1
0.1 0.0 -0.6995380469541247 0.47797551319093223 0.0 1
0.1 0.0 -0.7135212411212677 0.48645569769438346 0.0 1
0.1 0.0 -0.7272731734047384 0.4951023288512144 0.0 1
0.1 0.0 -0.7407893866173078 0.5039126041713338 0.0 1
0.1 0.0 -0.7540654999714845 0.5128836681253623 0.0 1
0.1 0.0 -0.7670972104993888 0.5220126130701512 0.0 1
0.1 0.0 -0.7798802944474017 0.5312964801911868 0.0 1
0.1 0.0 -0.7924106086451421 0.5407322604615836 0.0 1
0.1 0.0 -0.8046840918483225 0.5503168956173493 0.0 1
0.1 0.0 -0.8166967660550538 0.5600472791486106 0.0 1
0.1 0.0 -0.8284447377951707 0.5699202573064746 0.0 1
0.1 0.0 -0.8399241993921563 0.5799326301252011 0.0 1
0.1 0.0 -0.8511314301972621 0.5900811524593554 0.0 1
0.1 0.0 -0.8620627977954224 0.6003625350356048 0.0 1
0.1 0.0 -0.8727147591825658 0.6107734455188136 0.0 1
0.1 0.0 -0.8830838619139532 0.6213105095921005 0.0 1
0.1 0.0 -0.8931667452231611 0.6319703120504998 0.0 1
0.1 0.0 -0.9029601411113513 0.6427493979078749 0.0 1
0.1 0.0 -0.9124608754064737 0.6536442735167266 0.0 1
0.1 0.0 -0.9216658687920584 0.664651407700531 0.0 1
0.1 0.0 -0.9305721378052646 0.6757672328982434 0.0 1
0.1 0.0 -0.939176795803859 0.6869881463205898 0.0 1
0.1 0.0 -0.947477053901818 0.6983105111177823 0.0 1
0.1 0.0 -0.955470221873242 0.70973065755827 0.0 1
0.1 0.0 -0.9631537090242945 0.7212448842181494 0.0 1
0.1 0.0 -0.9705250250328811 0.7328494591808454 0.0 1
0.1 0.0 -0.9775817807557959 0.7445406212466763 0.0 1
0.1 0.0 -0.9843216890030756 0.7563145811519083 0.0 1
0.1 0.0 -0.9907425652793097 0.7681675227969105 0.0 1
0.1 0.0 -0.996842328491663 0.7800956044829996 0.0 1
0.1 0.0 -1.0026190016243872 0.79209496015759 0.0 1
0.1 0.0 -1.008070712379598 0.804161700667232 0.0 1
0.1 0.0 -1.0131956937841127 0.81629191501814 0.0 1
0.1 0.0 -1.0179922847621494 0.8284816716437978 0.0 1
0.1 0.0 -1.0224589306737049 0.8407270196792329 0.0 1
0.1 0.0 -1.0265941838184331 0.8530239902415442 0.0 1
0.1 0.0 -1.030396703904867 0.8653685977162737 0.0 1
0.1 0.0 -1.0338652584848218 0.8777568410491938 0.0 1
0.1 0.0 -1.036998723352851 0.8901847050431058 0.0 1
0.1 0.0 -1.0397960829106148 0.9026481616592189 0.0 1
0.1 0.0 -1.04225643049605 0.9151431713226923 0.0 1
0.1 0.0 -1.044378968677231 0.9276656842319155 0.0 1
0.1 0.0 -1.046163009510829 0.9402116416711045 0.0 1
0.1 0.0 -1.0476079747650828 0.9527769773257853 0.0 1
0.1 0.0 -1.0487133961072128 0.9653576186007438 0.0 1
0.1 0.0 -1.0494789152552122 0.9779494879400058 0.0 1
0.1 0.0 -1.0499042840939725 0.9905485041484304 0.0 1
0.1 0.0 -1.0499893647557008 1.0031505837144794 0.0 1
0.1 0.0 -1.0497341296646039 1.015751642133739 0.0 1
0.1 0.0 -1.0491386615458265 1.028347595232763 0.0 1
0.1 0.0 -1.048203153398639 1.0409343604928087 0.0 1
0.1 0.0 -1.046927908433883 1.0535078583730353 0.0 1
0.1 0.0 -1.0453133399756978 1.0660640136327415 0.0 1
0.1 0.0 -1.0433599713275556 1.0785987566522013 0.0 1
0.1 0.0 -1.041068435602652 1.0911080247516867 0.0 1
0.1 0.0 -1.0384394755187054 1.1035877635082352 0.0 1
0.1 0.0 -1.0354739431572322 1.1160339280697442 0.0 1
0.1 0.0 -1.0321727996873755 1.1284424844659615 0.0 1
0.1 0.0 -1.0285371150543774 1.14080941091595 0.0 1
0.1 0.0 -1.0245680676327957 1.1531306991316 0.0 1
0.1 0.0 -1.0202669438445755 1.1654023556167734 0.0 1
0.1 0.0 -1.0156351377421033 1.1776204029616446 0.0 1
0.1 0.0 -1.0106741505563763 1.1897808811318367 0.0 1
0.1 0.0 -1.0053855902104318 1.2018798487519202 0.0 1
0.1 0.0 -0.9997711707981992 1.2139133843828673 0.0 1
0.1 0.0 -0.993832712028937 1.2258775877930421 0.0 1
0.1 0.0 -0.9875721386374422 1.2377685812223196 0.0 1
0.1 0.0 -0.9809914797602174 1.249582510638919 0.0 1
0.1 0.0 -0.9740928682777985 1.2613155469885498 0.0 1
0.1 0.0 -0.966878540123462 1.2729638874354567 0.0 1
0.1 0.0 -0.9593508335585268 1.2845237565949728 0.0 1
0.1 0.0 -0.9515121884144928 1.2959914077571715 0.0 1
0.1 0.0 -0.9433651453022583 1.3073631241012267 0.0 1
0.1 0.0 -0.9349123447886744 1.3186352199000835 0.0 1
0.1 0.0 -0.9261565265406996 1.3298040417150536 0.0 1
0.1 0.0 -0.91710052843744 1.340865969579943 0.0 1
0.1 0.0 -0.90774728565035 1.3518174181743339 0.0 1
0.1 0.0 -0.8980998296919074 1.3626548379856323 0.0 1
0.1 0.0 -0.8881612874330577 1.3733747164595156 0.0 1
0.1 0.0 -0.8779348800897521 1.3839735791383987 0.0 1
0.1 0.0 -0.8674239221789092 1.3944479907875518 0.0 1
0.1 0.0 -0.8566318204441349 1.404794556508507 0.0 1
0.1 0.0 -0.8455620727515499 1.4150099228393902 0.0 1
0.1 0.0 -0.8342182669560857 1.4250907788418243 0.0 1
0.1 0.0 -0.8226040797386094 1.4350338571740493 0.0 1
0.1 0.0 -0.8107232754142651 1.444835935149911 0.0 1
0.1 0.0 -0.7985797047124064 1.4544938357833765 0.0 1
0.1 0.0 -0.7861773035285232 1.464004428818241 0.0 1
0.1 0.0 -0.7735200916485655 1.4733646317426836 0.0 1
0.1 0.0 -0.7606121714460753 1.482571410788352 0.0 1
0.1 0.0 -0.7474577265525526 1.4916217819136484 0.0 1
0.1 0.0 -0.7340610205014847 1.500512811770896 0.0 1
0.1 0.0 -0.7204263953464737 1.5092416186570798 0.0 1
0.1 0.0 -0.7065582702539233 1.5178053734478423 0.0 1
0.1 0.0 -0.692461140070724 1.5262013005144421 0.0 1
0.1 0.0 -0.6781395738674129 1.5344266786233733 0.0 1
0.1 0.0 -0.6635982134572768 1.5424788418183537 0.0 1
0.1 0.0 -0.648841771891877 1.5503551802843967 0.0 1
0.1 0.0 -0.6338750319334862 1.5580531411936887 0.0 1
0.1 0.0 -0.6187028445049306 1.5655702295329939 0.0 1
0.1 0.0 -0.6033301271173385 1.5729040089123234 0.0 1
0.1 0.0 -0.5877618622763109 1.5800521023546008 0.0 1
0.1 0.0 -0.5720030958670232 1.587012193066073 0.0 1
0.1 0.0 -0.5560589355187848 1.593782025187214 0.0 1
0.1 0.0 -0.5399345489495883 1.6003594045238807 0.0 1
0.1 0.0 -0.5236351622911812 1.60674219925848 0.0 1
0.1 0.0 -0.5071660583952075 1.6129283406409192 0.0 1
0.1 0.0 -0.4905325751209631 1.6189158236591168 0.0 1
0.1 0.0 -0.4737401036053214 1.6247027076888543 0.0 1
0.1 0.0 -0.4567940865153971 1.6302871171227578 0.0 1
0.1 0.0 -0.4397000162845015 1.6356672419782081 0.0 1
0.1 0.0 -0.4224634333319709 1.64084133848398 0.0 1
0.1 0.0 -0.4050899242674421 1.6458077296454237 0.0 1
0.1 0.0 -0.38758512008015644 1.650564805788 0.0 1
0.1 0.0 -0.3699546943138802 1.6551110250789973 0.0 1
0.1 0.0 -0.35220436122803306 1.6594449140272625 0.0 1
0.1 0.0 -0.33433987394561615 1.6635650679607772 0.0 1
0.1 0.0 -0.3163670225885519 1.667470151481932 0.0 1
0.1 0.0 -0.2982916324010241 1.6711588989003463 0.0 1
0.1 0.0 -0.2801195618614379 1.6746301146430969 0.0 1
0.1 0.0 -0.2618567007836084 1.6778826736422179 0.0 1
0.1 0.0 -0.24350896840779176 1.680915521699351 0.0 1
0.1 0.0 -0.22508231148217964 1.6837276758274253 0.0 1
0.1 0.0 -0.20658270233547857 1.6863182245692578 0.0 1
0.1 0.0 -0.1880161369411937 1.6886863282929674 0.0 1
0.1 0.0 -0.1693886329742583 1.690831219464112 0.0 1
0.1 0.0 -0.15070622786062027 1.6927522028944557 0.0 1
0.1 0.0 -0.13197497682043158 1.6944486559672907 0.0 1
0.1 0.0 -0.11320095090546954 1.6959200288392329 0.0 1
0.1 0.0 -0.09439023503142696 1.697165844618437 0.0 1
0.1 0.0 -0.07554892600570845 1.6981856995191604 0.0 1
0.1 0.0 -0.05668313055137381 1.698979262992638 0.0 1
0.1 0.0 -0.03779896332786269 1.6995462778342159 0.0 1
0.1 0.0 -0.018902544949156358 1.699886560266716 0.0 1
0.1 0.0 -2.5717582782094415e-16 1.7 0.0 1
7.0 0.0 0.0 1.7 0.0 0
0.1 0.0 0.0 1.7 0.0 1
0.1 0.0 0.018902544949155983 1.699886560266716 0.0 1
0.1 0.0 0.037798963327862194 1.6995462778342159 0.0 1
0.1 0.0 0.05668313055137321 1.6989792629926381 0.0 1
0.1 0.0 0.07554892600570867 1.6981856995191604 0.0 1
0.1 0.0 0.09439023503142704 1.697165844618437 0.0 1
0.1 0.0 0.11320095090546953 1.6959200288392329 0.0 1
0.1 0.0 0.13197497682043144 1.6944486559672907 0.0 1
0.1 0.0 0.15070622786062002 1.6927522028944557 0.0 1
0.1 0.0 0.16938863297425794 1.690831219464112 0.0 1
0.1 0.0 0.1880161369411932 1.6886863282929676 0.0 1
0.1 0.0 0.20658270233547799 1.6863182245692578 0.0 1
0.1 0.0 0.22508231148217986 1.6837276758274253 0.0 1
0.1 0.0 0.24350896840779185 1.6809155216993508 0.0 1
0.1 0.0 0.26185670078360834 1.6778826736422179 0.0 1
0.1 0.0 0.2801195618614377 1.6746301146430969 0.0 1
0.1 0.0 0.29829163240102374 1.6711588989003463 0.0 1
0.1 0.0 0.31636702258855154 1.6674701514819321 0.0 1
0.1 0.0 0.3343398739456157 1.6635650679607772 0.0 1
0.1 0.0 0.35220436122803256 1.6594449140272625 0.0 1
0.1 0.0 0.3699546943138804 1.6551110250789973 0.0 1
0.1 0.0 0.3875851200801565 1.6505648057879998 0.0 1
0.1 0.0 0.4050899242674421 1.6458077296454237 0.0 1
0.1 0.0 0.4224634333319708 1.6408413384839802 0.0 1
0.1 0.0 0.4397000162845013 1.6356672419782083 0.0 1
0.1 0.0 0.4567940865153968 1.6302871171227582 0.0 1
0.1 0.0 0.47374010360532093 1.6247027076888545 0.0 1
0.1 0.0 0.4905325751209626 1.6189158236591168 0.0 1
0.1 0.0 0.5071660583952077 1.6129283406409192 0.0 1
0.1 0.0 0.5236351622911813 1.6067421992584798 0.0 1
0.1 0.0 0.5399345489495883 1.6003594045238807 0.0 1
0.1 0.0 0.5560589355187847 1.5937820251872141 0.0 1
0.1 0.0 0.572003095867023 1.587012193066073 0.0 1
0.1 0.0 0.5877618622763106 1.580052102354601 0.0 1
0.1 0.0 0.6033301271173381 1.5729040089123236 0.0 1
0.1 0.0 0.6187028445049302 1.565570229532994 0.0 1
0.1 0.0 0.6338750319334863 1.5580531411936884 0.0 1
0.1 0.0 0.6488417718918771 1.5503551802843967 0.0 1
0.1 0.0 0.6635982134572768 1.5424788418183537 0.0 1
0.1 0.0 0.6781395738674127 1.5344266786233733 0.0 1
0.1 0.0 0.6924611400707237 1.5262013005144421 0.0 1
0.1 0.0 0.7065582702539229 1.5178053734478425 0.0 1
0.1 0.0 0.7204263953464733 1.50924161865708 0.0 1
0.1 0.0 0.7340610205014841 1.5005128117708963 0.0 1
0.1 0.0 0.7474577265525527 1.4916217819136481 0.0 1
0.1 0.0 0.7606121714460753 1.482571410788352 0.0 1
0.1 0.0 0.7735200916485655 1.4733646317426836 0.0 1
0.1 0.0 0.7861773035285231 1.4640044288182412 0.0 1
0.1 0.0 0.7985797047124062 1.4544938357833768 0.0 1
0.1 0.0 0.8107232754142649 1.4448359351499112 0.0 1
0.1 0.0 0.8226040797386092 1.4350338571740497 0.0 1
0.1 0.0 0.8342182669560854 1.4250907788418246 0.0 1
0.1 0.0 0.84556207275155 1.41500992283939 0.0 1
0.1 0.0 0.8566318204441349 1.4047945565085067 0.0 1
0.1 0.0 0.8674239221789092 1.3944479907875518 0.0 1
0.1 0.0 0.877934880089752 1.383973579138399 0.0 1
0.1 0.0 0.8881612874330574 1.3733747164595158 0.0 1
0.1 0.0 0.8980998296919072 1.3626548379856325 0.0 1
0.1 0.0 0.9077472856503498 1.351817418174334 0.0 1
0.1 0.0 0.9171005284374397 1.3408659695799434 0.0 1
0.1 0.0 0.9261565265406997 1.3298040417150536 0.0 1
0.1 0.0 0.9349123447886744 1.3186352199000835 0.0 1
0.1 0.0 0.9433651453022583 1.3073631241012267 0.0 1
0.1 0.0 0.9515121884144927 1.2959914077571717 0.0 1
0.1 0.0 0.9593508335585267 1.284523756594973 0.0 1
0.1 0.0 0.9668785401234619 1.272963887435457 0.0 1
0.1 0.0 0.9740928682777984 1.26131554698855 0.0 1
0.1 0.0 0.9809914797602171 1.2495825106389193 0.0 1
0.1 0.0 0.9875721386374423 1.2377685812223196 0.0 1
0.1 0.0 0.9938327120289369 1.2258775877930421 0.0 1
0.1 0.0 0.9997711707981991 1.2139133843828673 0.0 1
0.1 0.0 1.0053855902104318 1.2018798487519204 0.0 1
0.1 0.0 1.0106741505563763 1.1897808811318369 0.0 1
0.1 0.0 1.0156351377421031 1.177620402961645 0.0 1
0.1 0.0 1.0202669438445753 1.1654023556167736 0.0 1
0.1 0.0 1.0245680676327957 1.1531306991316004 0.0 1
0.1 0.0 1.0285371150543776 1.1408094109159497 0.0 1
0.1 0.0 1.0321727996873755 1.1284424844659615 0.0 1
0.1 0.0 1.0354739431572322 1.1160339280697442 0.0 1
0.1 0.0 1.0384394755187054 1.1035877635082354 0.0 1
0.1 0.0 1.041068435602652 1.091108024751687 0.0 1
0.1 0.0 1.0433599713275556 1.0785987566522015 0.0 1
0.1 0.0 1.0453133399756978 1.0660640136327417 0.0 1
0.1 0.0 1.046927908433883 1.053507858373036 0.0 1
0.1 0.0 1.048203153398639 1.0409343604928085 0.0 1
0.1 0.0 1.0491386615458265 1.028347595232763 0.0 1
0.1 0.0 1.0497341296646039 1.015751642133739 0.0 1
0.1 0.0 1.0499893647557008 1.0031505837144794 0.0 1
0.1 0.0 1.0499042840939725 0.9905485041484305 0.0 1
0.1 0.0 1.0494789152552122 0.9779494879400061 0.0 1
0.1 0.0 1.0487133961072128 0.9653576186007441 0.0 1
0.1 0.0 1.0476079747650828 0.9527769773257857 0.0 1
0.1 0.0 1.046163009510829 0.9402116416711044 0.0 1
0.1 0.0 1.044378968677231 0.9276656842319155 0.0 1
0.1 0.0 1.04225643049605 0.9151431713226923 0.0 1
0.1 0.0 1.0397960829106148 0.9026481616592191 0.0 1
0.1 0.0 1.036998723352851 0.890184705043106 0.0 1
0.1 0.0 1.033865258484822 0.8777568410491942 0.0 1
0.1 0.0 1.030396703904867 0.8653685977162741 0.0 1
0.1 0.0 1.0265941838184334 0.8530239902415447 0.0 1
0.1 0.0 1.0224589306737046 0.8407270196792327 0.0 1
0.1 0.0 1.0179922847621494 0.8284816716437978 0.0 1
0.1 0.0 1.0131956937841127 0.81629191501814 0.0 1
0.1 0.0 1.0080707123795982 0.8041617006672321 0.0 1
0.1 0.0 1.0026190016243872 0.7920949601575901 0.0 1
0.1 0.0 0.9968423284916632 0.7800956044829999 0.0 1
0.1 0.0 0.9907425652793098 0.7681675227969107 0.0 1
0.1 0.0 0.9843216890030758 0.7563145811519087 0.0 1
0.1 0.0 0.9775817807557958 0.7445406212466761 0.0 1
0.1 0.0 0.9705250250328811 0.7328494591808454 0.0 1
0.1 0.0 0.9631537090242946 0.7212448842181494 0.0 1
0.1 0.0 0.9554702218732422 0.7097306575582701 0.0 1
0.1 0.0 0.9474770539018181 0.6983105111177824 0.0 1
0.1 0.0 0.9391767958038592 0.68698814632059 0.0 1
0.1 0.0 0.9305721378052649 0.6757672328982438 0.0 1
0.1 0.0 0.9216658687920588 0.6646514077005314 0.0 1
0.1 0.0 0.9124608754064737 0.6536442735167265 0.0 1
0.1 0.0 0.9029601411113514 0.6427493979078749 0.0 1
0.1 0.0 0.8931667452231612 0.6319703120504998 0.0 1
0.1 0.0 0.8830838619139533 0.6213105095921007 0.0 1
0.1 0.0 0.8727147591825659 0.6107734455188137 0.0 1
0.1 0.0 0.8620627977954228 0.6003625350356052 0.0 1
0.1 0.0 0.8511314301972626 0.5900811524593559 0.0 1
0.1 0.0 0.8399241993921561 0.579932630125201 0.0 1
0.1 0.0 0.8284447377951706 0.5699202573064743 0.0 1
0.1 0.0 0.8166967660550541 0.5600472791486107 0.0 1
0.1 0.0 0.8046840918483226 0.5503168956173494 0.0 1
0.1 0.0 0.7924106086451422 0.5407322604615837 0.0 1
0.1 0.0 0.7798802944474019 0.5312964801911869 0.0 1
0.1 0.0 0.767097210499389 0.5220126130701515 0.0 1
0.1 0.0 0.7540654999714846 0.5128836681253625 0.0 1
0.1 0.0 0.740789386617308 0.5039126041713338 0.0 1
0.1 0.0 0.7272731734047386 0.49510232885121463 0.0 1
0.1 0.0 0.7135212411212678 0.48645569769438357 0.0 1
0.1 0.0 0.6995380469541248 0.47797551319093234 0.0 1
0.1 0.0 0.6853281230456435 0.469664523883342 0.0 1
0.1 0.0 0.6708960750243328 0.4615254234756422 0.0 1
0.1 0.0 0.656246580512131 0.4535608499603456 0.0 1
0.1 0.0 0.641384387608324 0.4457733847634384 0.0 1
0.1 0.0 0.6263143133506232 0.43816555190770645 0.0 1
0.1 0.0 0.6110412421538984 0.4307398171946639 0.0 1
0.1 0.0 0.595570124227073 0.4234985874053546 0.0 1
0.1 0.0 0.5799059739686924 0.41644420952028094 0.0 1
0.1 0.0 0.5640538683416925 0.4095789699587167 0.0 1
0.1 0.0 0.5480189452278854 0.40290509383764694 0.0 1
0.1 0.0 0.5318064017627042 0.39642474425057805 0.0 1
0.1 0.0 0.5154214926507378 0.3901400215664491 0.0 1
0.1 0.0 0.498869528462614 0.38405296274887435 0.0 1
0.1 0.0 0.4821558739137694 0.3781655406959362 0.0 1
0.1 0.0 0.4652859461256737 0.3724796636007416 0.0 1
0.1 0.0 0.4482652128700655 0.36699717433295065 0.0 1
0.1 0.0 0.43109919079677594 0.36171984984147887 0.0 1
0.1 0.0 0.4137934436457067 0.3566494005785623 0.0 1
0.1 0.0 0.39635358044354707 0.35178746994537846 0.0 1
0.1 0.0 0.37878525368581095 0.3471356337593966 0.0 1
0.1 0.0 0.361094157504789 0.3426953997436343 0.0 1
0.1 0.0 0.34328602582400225 0.3384682070379845 0.0 1
0.1 0.0 0.32536663049976 0.33445542573277043 0.0 1
0.1 0.0 0.3073417794504219 0.33065835642468033 0.0 1
0.1 0.0 0.2892173147739757 0.3270782297952274 0.0 1
0.1 0.0 0.2709991108545322 0.3237162062118686 0.0 1
0.1 0.0 0.2526930724583591 0.3205733753519142 0.0 1
0.1 0.0 0.2343051328200645 0.31765075584934865 0.0 1
0.1 0.0 0.215841251719558 0.31494929496467705 0.0 1
0.1 0.0 0.19730741355040374 0.312469868277906 0.0 1
0.1 0.0 0.1787096253801982 0.3102132794047556 0.0 1
0.1 0.0 0.16005391500359678 0.3081802597361968 0.0 1
0.1 0.0 0.14134632898862667 0.30637146820139827 0.0 1
0.1 0.0 0.12259293071691044 0.3047874910541578 0.0 1
0.1 0.0 0.10379979841844321 0.3034288416828901 0.0 1
0.1 0.0 0.08497302320155403 0.30229596044423024 0.0 1
0.1 0.0 0.06611870707869827 0.3013892145203084 0.0 1
0.1 0.0 0.04724296098871084 0.3007088977997411 0.0 1
0.1 0.0 0.028351902816169294 0.3002552307823778 0.0 1
0.1 0.0 0.009451655408502834 0.3000283605078342 0.0 1
0.1 0.0 -0.009451655408502575 0.3000283605078342 0.0 1
0.1 0.0 -0.028351902816169037 0.3002552307823778 0.0 1
0.1 0.0 -0.04724296098871058 0.3007088977997411 0.0 1
0.1 0.0 -0.06611870707869802 0.3013892145203084 0.0 1
0.1 0.0 -0.08497302320155378 0.30229596044423024 0.0 1
0.1 0.0 -0.10379979841844295 0.3034288416828901 0.0 1
0.1 0.0 -0.12259293071691019 0.3047874910541578 0.0 1
0.1 0.0 -0.1413463289886264 0.30637146820139816 0.0 1
0.1 0.0 -0.16005391500359653 0.3081802597361968 0.0 1
0.1 0.0 -0.17870962538019794 0.3102132794047555 0.0 1
0.1 0.0 -0.19730741355040346 0.312469868277906 0.0 1
0.1 0.0 -0.21584125171955776 0.31494929496467705 0.0 1
0.1 0.0 -0.23430513282006424 0.31765075584934854 0.0 1
0.1 0.0 -0.2526930724583588 0.3205733753519142 0.0 1
0.1 0.0 -0.27099911085453193 0.3237162062118685 0.0 1
0.1 0.0 -0.28921731477397544 0.32707822979522727 0.0 1
0.1 0.0 -0.3073417794504217 0.33065835642468033 0.0 1
0.1 0.0 -0.3253666304997598 0.33445542573277043 0.0 1
0.1 0.0 -0.343286025824002 0.3384682070379845 0.0 1
0.1 0.0 -0.3610941575047888 0.3426953997436343 0.0 1
0.1 0.0 -0.3787852536858107 0.3471356337593965 0.0 1
0.1 0.0 -0.39635358044354685 0.35178746994537846 0.0 1
0.1 0.0 -0.41379344364570647 0.3566494005785622 0.0 1
0.1 0.0 -0.4310991907967757 0.36171984984147876 0.0 1
0.1 0.0 -0.44826521287006527 0.36699717433295065 0.0 1
0.1 0.0 -0.4652859461256735 0.3724796636007416 0.0 1
0.1 0.0 -0.4821558739137692 0.3781655406959361 0.0 1
0.1 0.0 -0.4988695284626138 0.38405296274887435 0.0 1
0.1 0.0 -0.5154214926507376 0.390140021566449 0.0 1
0.1 0.0 -0.5318064017627039 0.39642474425057805 0.0 1
0.1 0.0 -0.5480189452278853 0.40290509383764694 0.0 1
0.1 0.0 -0.5640538683416921 0.40957896995871657 0.0 1
0.1 0.0 -0.5799059739686921 0.41644420952028083 0.0 1
0.1 0.0 -0.5955701242270729 0.4234985874053545 0.0 1
0.1 0.0 -0.6110412421538982 0.4307398171946638 0.0 1
0.1 0.0 -0.6263143133506229 0.43816555190770634 0.0 1
0.1 0.0 -0.6413843876083236 0.4457733847634384 0.0 1
0.1 0.0 -0.6562465805121309 0.4535608499603455 0.0 1
0.1 0.0 -0.6708960750243326 0.46152542347564207 0.0 1
0.1 0.0 -0.6853281230456433 0.4696645238833419 0.0 1
0.1 0.0 -0.6995380469541247 0.47797551319093223 0.0 1
0.1 0.0 -0.7135212411212677 0.48645569769438346 0.0 1
0.1 0.0 -0.7272731734047384 0.4951023288512144 0.0 1
0.1 0.0 -0.7407893866173078 0.5039126041713338 0.0 1
0.1 0.0 -0.7540654999714845 0.5128836681253623 0.0 1
0.1 0.0 -0.7670972104993888 0.5220126130701512 0.0 1
0.1 0.0 -0.7798802944474017 0.5312964801911868 0.0 1
0.1 0.0 -0.7924106086451421 0.5407322604615836 0.0 1
0.1 0.0 -0.8046840918483225 0.5503168956173493 0.0 1
0.1 0.0 -0.8166967660550538 0.5600472791486106 0.0 1
0.1 0.0 -0.8284447377951707 0.5699202573064746 0.0 1
0.1 0.0 -0.8399241993921563 0.5799326301252011 0.0 1
0.1 0.0 -0.8511314301972621 0.5900811524593554 0.0 1
0.1 0.0 -0.8620627977954224 0.6003625350356048 0.0 1
0.1 0.0 -0.8727147591825658 0.6107734455188136 0.0 1
0.1 0.0 -0.8830838619139532 0.6213105095921005 0.0 1
0.1 0.0 -0.8931667452231611 0.6319703120504998 0.0 1
0.1 0.0 -0.9029601411113513 0.6427493979078749 0.0 1
0.1 0.0 -0.9124608754064737 0.6536442735167266 0.0 1
0.1 0.0 -0.9216658687920584 0.664651407700531 0.0 1
0.1 0.0 -0.9305721378052646 0.6757672328982434 0.0 1
0.1 0.0 -0.939176795803859 0.6869881463205898 0.0 1
0.1 0.0 -0.947477053901818 0.6983105111177823 0.0 1
0.1 0.0 -0.955470221873242 0.70973065755827 0.0 1
0.1 0.0 -0.9631537090242945 0.7212448842181494 0.0 1
0.1 0.0 -0.9705250250328811 0.7328494591808454 0.0 1
0.1 0.0 -0.9775817807557959 0.7445406212466763 0.0 1
0.1 0.0 -0.9843216890030756 0.7563145811519083 0.0 1
0.1 0.0 -0.9907425652793097 0.7681675227969105 0.0 1
0.1 0.0 -0.996842328491663 0.7800956044829996 0.0 1
0.1 0.0 -1.0026190016243872 0.79209496015759 0.0 1
0.1 0.0 -1.008070712379598 0.804161700667232 0.0 1
0.1 0.0 -1.0131956937841127 0.81629191501814 0.0 1
0.1 0.0 -1.0179922847621494 0.8284816716437978 0.0 1
0.1 0.0 -1.0224589306737049 0.8407270196792329 0.0 1
0.1 0.0 -1.0265941838184331 0.8530239902415442 0.0 1
0.1 0.0 -1.030396703904867 0.8653685977162737 0.0 1
0.1 0.0 -1.0338652584848218 0.8777568410491938 0.0 1
0.1 0.0 -1.036998723352851 0.8901847050431058 0.0 1
0.1 0.0 -1.0397960829106148 0.9026481616592189 0.0 1
0.1 0.0 -1.04225643049605 0.9151431713226923 0.0 1
0.1 0.0 -1.044378968677231 0.9276656842319155 0.0 1
0.1 0.0 -1.046163009510829 0.9402116416711045 0.0 1
0.1 0.0 -1.0476079747650828 0.9527769773257853 0.0 1
0.1 0.0 -1.0487133961072128 0.9653576186007438 0.0 1
0.1 0.0 -1.0494789152552122 0.9779494879400058 0.0 1
0.1 0.0 -1.0499042840939725 0.9905485041484304 0.0 1
0.1 0.0 -1.0499893647557008 1.0031505837144794 0.0 1
0.1 0.0 -1.0497341296646039 1.015751642133739 0.0 1
0.1 0.0 -1.0491386615458265 1.028347595232763 0.0 1
0.1 0.0 -1.048203153398639 1.0409343604928087 0.0 1
0.1 0.0 -1.046927908433883 1.0535078583730353 0.0 1
0.1 0.0 -1.0453133399756978 1.0660640136327415 0.0 1
0.1 0.0 -1.0433599713275556 1.0785987566522013 0.0 1
0.1 0.0 -1.041068435602652 1.0911080247516867 0.0 1
0.1 0.0 -1.0384394755187054 1.1035877635082352 0.0 1
0.1 0.0 -1.0354739431572322 1.1160339280697442 0.0 1
0.1 0.0 -1.0321727996873755 1.1284424844659615 0.0 1
0.1 0.0 -1.0285371150543774 1.14080941091595 0.0 1
0.1 0.0 -1.0245680676327957 1.1531306991316 0.0 1
0.1 0.0 -1.0202669438445755 1.1654023556167734 0.0 1
0.1 0.0 -1.0156351377421033 1.1776204029616446 0.0 1
0.1 0.0 -1.0106741505563763 1.1897808811318367 0.0 1
0.1 0.0 -1.0053855902104318 1.2018798487519202 0.0 1
0.1 0.0 -0.9997711707981992 1.2139133843828673 0.0 1
0.1 0.0 -0.993832712028937 1.2258775877930421 0.0 1
0.1 0.0 -0.9875721386374422 1.2377685812223196 0.0 1
0.1 0.0 -0.9809914797602174 1.249582510638919 0.0 1
0.1 0.0 -0.9740928682777985 1.2613155469885498 0.0 1
0.1 0.0 -0.966878540123462 1.2729638874354567 0.0 1
0.1 0.0 -0.9593508335585268 1.2845237565949728 0.0 1
0.1 0.0 -0.9515121884144928 1.2959914077571715 0.0 1
0.1 0.0 -0.9433651453022583 1.3073631241012267 0.0 1
0.1 0.0 -0.9349123447886744 1.3186352199000835 0.0 1
0.1 0.0 -0.9261565265406996 1.3298040417150536 0.0 1
0.1 0.0 -0.91710052843744 1.340865969579943 0.0 1
0.1 0.0 -0.90774728565035 1.3518174181743339 0.0 1
0.1 0.0 -0.8980998296919074 1.3626548379856323 0.0 1
0.1 0.0 -0.8881612874330577 1.3733747164595156 0.0 1
0.1 0.0 -0.8779348800897521 1.3839735791383987 0.0 1
0.1 0.0 -0.8674239221789092 1.3944479907875518 0.0 1
0.1 0.0 -0.8566318204441349 1.404794556508507 0.0 1
0.1 0.0 -0.8455620727515499 1.4150099228393902 0.0 1
0.1 0.0 -0.8342182669560857 1.4250907788418243 0.0 1
0.1 0.0 -0.8226040797386094 1.4350338571740493 0.0 1
0.1 0.0 -0.8107232754142651 1.444835935149911 0.0 1
0.1 0.0 -0.7985797047124064 1.4544938357833765 0.0 1
0.1 0.0 -0.7861773035285232 1.464004428818241 0.0 1
0.1 0.0 -0.7735200916485655 1.4733646317426836 0.0 1
0.1 0.0 -0.7606121714460753 1.482571410788352 0.0 1
0.1 0.0 -0.7474577265525526 1.4916217819136484 0.0 1
0.1 0.0 -0.7340610205014847 1.500512811770896 0.0 1
0.1 0.0 -0.7204263953464737 1.5092416186570798 0.0 1
0.1 0.0 -0.7065582702539233 1.5178053734478423 0.0 1
0.1 0.0 -0.692461140070724 1.5262013005144421 0.0 1
0.1 0.0 -0.6781395738674129 1.5344266786233733 0.0 1
0.1 0.0 -0.6635982134572768 1.5424788418183537 0.0 1
0.1 0.0 -0.648841771891877 1.5503551802843967 0.0 1
0.1 0.0 -0.6338750319334862 1.5580531411936887 0.0 1
0.1 0.0 -0.6187028445049306 1.5655702295329939 0.0 1
0.1 0.0 -0.6033301271173385 1.5729040089123234 0.0 1
0.1 0.0 -0.5877618622763109 1.5800521023546008 0.0 1
0.1 0.0 -0.5720030958670232 1.587012193066073 0.0 1
0.1 0.0 -0.5560589355187848 1.593782025187214 0.0 1
0.1 0.0 -0.5399345489495883 1.6003594045238807 0.0 1
0.1 0.0 -0.5236351622911812 1.60674219925848 0.0 1
0.1 0.0 -0.5071660583952075 1.6129283406409192 0.0 1
0.1 0.0 -0.4905325751209631 1.6189158236591168 0.0 1
0.1 0.0 -0.4737401036053214 1.6247027076888543 0.0 1
0.1 0.0 -0.4567940865153971 1.6302871171227578 0.0 1
0.1 0.0 -0.4397000162845015 1.6356672419782081 0.0 1
0.1 0.0 -0.4224634333319709 1.64084133848398 0.0 1
0.1 0.0 -0.4050899242674421 1.6458077296454237 0.0 1
0.1 0.0 -0.38758512008015644 1.650564805788 0.0 1
0.1 0.0 -0.3699546943138802 1.6551110250789973 0.0 1
0.1 0.0 -0.35220436122803306 1.6594449140272625 0.0 1
0.1 0.0 -0.33433987394561615 1.6635650679607772 0.0 1
0.1 0.0 -0.3163670225885519 1.667470151481932 0.0 1
0.1 0.0 -0.2982916324010241 1.6711588989003463 0.0 1
0.1 0.0 -0.2801195618614379 1.6746301146430969 0.0 1
0.1 0.0 -0.2618567007836084 1.6778826736422179 0.0 1
0.1 0.0 -0.24350896840779176 1.680915521699351 0.0 1
0.1 0.0 -0.22508231148217964 1.6837276758274253 0.0 1
0.1 0.0 -0.20658270233547857 1.6863182245692578 0.0 1
0.1 0.0 -0.1880161369411937 1.6886863282929674 0.0 1
0.1 0.0 -0.1693886329742583 1.690831219464112 0.0 1
0.1 0.0 -0.15070622786062027 1.6927522028944557 0.0 1
0.1 0.0 -0.13197497682043158 1.6944486559672907 0.0 1
0.1 0.0 -0.11320095090546954 1.6959200288392329 0.0 1
0.1 0.0 -0.09439023503142696 1.697165844618437 0.0 1
0.1 0.0 -0.07554892600570845 1.6981856995191604 0.0 1
0.1 0.0 -0.05668313055137381 1.698979262992638 0.0 1
0.1 0.0 -0.03779896332786269 1.6995462778342159 0.0 1
0.1 0.0 -0.018902544949156358 1.699886560266716 0.0 1
0.1 0.0 -2.5717582782094415e-16 1.7 0.0 1
